Equil_AR3d1_2015_04_v2_SOF_CSred_fine_fi_2N246U_v1_0.eqdsk
boundary placed 250mm from LCFS at LFS, upper==constant offset, lower==feild line conformal
connection calculated from Xpoint at 3.00mm from LFS

target	graze[deg]	open	Ro[m]		Zo[m]		To[deg]	L2D[m]	L3D[m]
inner	1.50		closed	7.128889	-5.883525	68.91	0.453	28.181	
outer	1.50		closed	7.994915	-6.117572	49.38	0.528	30.717	

boundary segments clockwise from outboard midplane
r[m]		z[m]
392
6.865599	-5.091593
6.872126	-5.105801
6.878620	-5.120025
6.885112	-5.134249
6.891603	-5.148474
6.898095	-5.162698
6.904587	-5.176923
6.911053	-5.191159
6.917508	-5.205400
6.923964	-5.219641
6.930419	-5.233882
6.936875	-5.248123
6.943354	-5.262353
6.949859	-5.276571
6.956365	-5.290790
6.962870	-5.305008
6.969375	-5.319226
6.975816	-5.333474
6.982058	-5.347809
6.988301	-5.362145
6.994544	-5.376480
7.000787	-5.390816
7.007024	-5.405154
7.012941	-5.419627
7.018858	-5.434100
7.024775	-5.448573
7.030692	-5.463046
7.036609	-5.477519
7.041707	-5.492293
7.046586	-5.507148
7.051464	-5.522004
7.056342	-5.536859
7.061220	-5.551715
7.065099	-5.566834
7.068187	-5.582162
7.071274	-5.597490
7.074361	-5.612818
7.077449	-5.628146
7.080536	-5.643474
7.083624	-5.658802
7.086711	-5.674129
7.089799	-5.689457
7.092886	-5.704785
7.095974	-5.720113
7.099061	-5.735441
7.102149	-5.750769
7.105236	-5.766097
7.108323	-5.781425
7.111411	-5.796753
7.114498	-5.812081
7.117586	-5.827409
7.120673	-5.842737
7.123761	-5.858065
7.126848	-5.873393
7.129936	-5.888721
7.133023	-5.904049
7.136111	-5.919377
7.139198	-5.934705
7.142286	-5.950033
7.145373	-5.965361
7.148460	-5.980689
7.151548	-5.996017
7.154635	-6.011345
7.157723	-6.026673
7.160810	-6.042001
7.163898	-6.057329
7.166985	-6.072657
7.170073	-6.087985
7.173160	-6.103313
7.176248	-6.118641
7.179793	-6.133844
7.190329	-6.144907
7.205580	-6.145772
7.220843	-6.142375
7.236123	-6.139064
7.251431	-6.135879
7.266739	-6.132694
7.282157	-6.130115
7.297608	-6.127712
7.313058	-6.125309
7.328575	-6.123457
7.344151	-6.122094
7.359727	-6.120731
7.375322	-6.119721
7.390956	-6.119496
7.406590	-6.119270
7.422221	-6.119174
7.437822	-6.120210
7.453424	-6.121245
7.469025	-6.122280
7.484488	-6.124562
7.499932	-6.126999
7.515377	-6.129436
7.530643	-6.132750
7.545809	-6.136553
7.560976	-6.140355
7.576077	-6.144366
7.590955	-6.149175
7.605833	-6.153983
7.620711	-6.158791
7.635045	-6.165031
7.649362	-6.171316
7.663679	-6.177601
7.677699	-6.184487
7.691402	-6.192017
7.705192	-6.199386
7.718983	-6.206756
7.732283	-6.214964
7.745476	-6.223355
7.758670	-6.231746
7.771851	-6.240155
7.784608	-6.249197
7.797371	-6.258228
7.810135	-6.267260
7.822825	-6.276387
7.834783	-6.286461
7.846845	-6.296409
7.858984	-6.306264
7.871123	-6.316119
7.882780	-6.326538
7.894406	-6.336994
7.906189	-6.347271
7.918063	-6.357443
7.927491	-6.352511
7.931804	-6.337482
7.936117	-6.322453
7.940431	-6.307424
7.944744	-6.292394
7.949057	-6.277365
7.953370	-6.262336
7.957683	-6.247307
7.961996	-6.232278
7.966309	-6.217249
7.970623	-6.202219
7.974936	-6.187190
7.979249	-6.172161
7.983562	-6.157132
7.987875	-6.142103
7.992188	-6.127073
7.996502	-6.112044
8.000815	-6.097015
8.005128	-6.081986
8.009441	-6.066957
8.013754	-6.051928
8.018067	-6.036898
8.022381	-6.021869
8.026694	-6.006840
8.031007	-5.991811
8.035320	-5.976782
8.039633	-5.961753
8.043946	-5.946723
8.048259	-5.931694
8.052573	-5.916665
8.056886	-5.901636
8.061199	-5.886607
8.065512	-5.871578
8.069825	-5.856548
8.074138	-5.841519
8.078452	-5.826490
8.082765	-5.811461
8.087078	-5.796432
8.091391	-5.781403
8.098122	-5.767351
8.105470	-5.753550
8.112818	-5.739748
8.120166	-5.725947
8.127515	-5.712145
8.134863	-5.698343
8.142718	-5.684874
8.152433	-5.672623
8.162148	-5.660371
8.171864	-5.648120
8.181579	-5.635869
8.191294	-5.623617
8.201009	-5.611366
8.211461	-5.599761
8.222343	-5.588533
8.233224	-5.577305
8.244105	-5.566076
8.254987	-5.554848
8.265868	-5.543620
8.276787	-5.532431
8.288426	-5.521989
8.300064	-5.511547
8.311702	-5.501105
8.323340	-5.490664
8.334979	-5.480222
8.346617	-5.469780
8.358379	-5.459480
8.370282	-5.449341
8.382185	-5.439202
8.394088	-5.429064
8.405991	-5.418925
8.417895	-5.408786
8.429798	-5.398647
8.441969	-5.388834
8.454176	-5.379062
8.466383	-5.369291
8.478589	-5.359520
8.490796	-5.349749
8.503002	-5.339977
8.515209	-5.330206
8.527417	-5.320436
8.539624	-5.310665
8.586529	-5.298016
8.725039	-5.261321
8.861257	-5.216868
8.994572	-5.164345
9.125126	-5.105292
9.252312	-5.039297
9.376396	-4.967640
9.497055	-4.890355
9.614460	-4.808212
9.728501	-4.721457
9.839370	-4.630685
9.946953	-4.536041
10.051624	-4.438186
10.153052	-4.336973
10.251832	-4.233174
10.347588	-4.126579
10.440743	-4.017704
10.531374	-3.906719
10.619277	-3.793561
10.704921	-3.678684
10.788180	-3.562067
10.869066	-3.443791
10.947890	-3.324131
11.024525	-3.203058
11.099005	-3.080647
11.171587	-2.957101
11.242179	-2.832408
11.310742	-2.706587
11.377533	-2.579817
11.442496	-2.452101
11.505502	-2.323408
11.566825	-2.193904
11.626413	-2.063593
11.684094	-1.932427
11.740140	-1.800553
11.794447	-1.667954
11.846898	-1.534611
11.897719	-1.400637
11.946660	-1.265965
11.993823	-1.130661
12.039205	-0.994749
12.082581	-0.858183
12.124157	-0.721058
12.163528	-0.583285
12.200826	-0.444935
12.233459	-0.305412
12.260367	-0.164672
12.280737	-0.022839
12.294918	0.119746
12.303244	0.262793
12.304886	0.406072
12.301028	0.549309
12.290961	0.692243
12.275295	0.834673
12.254288	0.976414
12.227526	1.117181
12.196027	1.256965
12.159252	1.395454
12.117825	1.532623
12.072090	1.668417
12.021559	1.802500
11.967173	1.935066
11.908792	2.065922
11.846425	2.194926
11.780673	2.322238
11.711334	2.447633
11.638593	2.571085
11.562875	2.692734
11.484013	2.812368
11.402149	2.929969
11.317650	3.045691
11.230441	3.159384
11.140491	3.270922
11.048189	3.380521
10.953575	3.488132
10.856388	3.593423
10.757077	3.696714
10.655705	3.797982
10.552059	3.896923
10.446379	3.993688
10.338811	4.088349
10.229271	4.180721
10.117735	4.270673
10.004451	4.358414
9.889425	4.443858
9.772448	4.526610
9.653839	4.607006
9.533633	4.684994
9.411571	4.760045
9.287965	4.832524
9.162862	4.902387
9.036003	4.969008
8.907704	5.032812
8.777950	5.093603
8.646603	5.150871
8.513934	5.205006
8.379815	5.255441
8.244362	5.302175
8.107675	5.345167
7.969682	5.383761
7.830651	5.418429
7.690450	5.448012
7.549404	5.473267
7.407465	5.492880
7.264933	5.507589
7.121894	5.516017
6.978619	5.517951
6.836712	5.498173
6.701348	5.451215
6.576453	5.380988
6.461408	5.295570
6.357849	5.196539
6.264015	5.088250
6.179423	4.972597
6.104765	4.850295
6.040439	4.722258
5.986148	4.589654
5.943085	4.452991
5.915307	4.312424
5.903101	4.169658
5.902565	4.026370
5.902565	3.883081
5.902565	3.739792
5.902565	3.596503
5.902565	3.453214
5.902565	3.309926
5.902565	3.166637
5.902565	3.023348
5.902565	2.880059
5.902565	2.736770
5.902565	2.593481
5.902565	2.450192
5.902565	2.306904
5.902565	2.163615
5.902565	2.020326
5.902565	1.877037
5.902565	1.733748
5.902565	1.590459
5.902565	1.447171
5.902565	1.303882
5.902565	1.160593
5.902565	1.017304
5.902565	0.874015
5.902565	0.730726
5.902565	0.587438
5.902565	0.444149
5.902565	0.300860
5.902565	0.157571
5.902565	0.014282
5.902565	-0.129007
5.902565	-0.272295
5.902565	-0.415584
5.902565	-0.558873
5.902565	-0.702162
5.902565	-0.845451
5.902565	-0.988740
5.902565	-1.132029
5.902565	-1.275317
5.902565	-1.418606
5.902565	-1.561895
5.902565	-1.705184
5.902565	-1.848473
5.902565	-1.991762
5.902565	-2.135050
5.902565	-2.278339
5.902565	-2.421628
5.902565	-2.564917
5.902565	-2.708206
5.902565	-2.851495
5.902565	-2.994783
5.902565	-3.138072
5.902565	-3.281361
5.902565	-3.424650
5.902565	-3.567939
5.902565	-3.711228
5.902565	-3.854517
5.902565	-3.997805
5.917084	-4.140354
5.955558	-4.278374
6.017383	-4.407636
6.097242	-4.526606
6.190960	-4.634996
6.295204	-4.733304
6.407674	-4.822084
6.525893	-4.903052
6.649334	-4.975810
6.776595	-5.041661
6.865599	-5.091593
