Equil_AR3d1_2015_04_v2_EOF_CSred_fine_final.eqdsk
boundary placed 250mm from LCFS at LFS, upper==constant offset, lower==feild line conformal
connection calculated from Xpoint at 3.00mm from LFS

target	graze[deg]	open	Ro[m]		Zo[m]		To[deg]	L2D[m]	L3D[m]
inner	1.50		closed	7.117825	-5.874884	65.30	0.484	30.721	
outer	1.50		closed	8.000522	-6.140848	50.77	0.547	33.364	

boundary segments clockwise from outboard midplane
r[m]		z[m]
299
12.132918	0.128834
12.125433	0.028873
12.116031	-0.070926
12.104752	-0.170530
12.091631	-0.269909
12.076706	-0.369032
12.060014	-0.467873
12.041593	-0.566407
12.021478	-0.664609
11.999712	-0.762458
11.976328	-0.859933
11.951348	-0.957012
11.924795	-1.053672
11.896685	-1.149890
11.867035	-1.245646
11.835875	-1.340920
11.803242	-1.435701
11.769152	-1.529967
11.733610	-1.623695
11.696623	-1.716863
11.658219	-1.809455
11.618428	-1.901460
11.577250	-1.992853
11.534690	-2.083610
11.490784	-2.173723
11.445551	-2.263178
11.398980	-2.351944
11.351095	-2.440008
11.301931	-2.527364
11.251483	-2.613986
11.199759	-2.699851
11.146792	-2.784955
11.092601	-2.869285
11.037215	-2.952835
10.980660	-3.035598
10.922930	-3.117546
10.864046	-3.198669
10.804039	-3.278965
10.742932	-3.358426
10.680755	-3.437053
10.617536	-3.514845
10.553306	-3.591804
10.488091	-3.667931
10.421900	-3.743210
10.354763	-3.817647
10.286705	-3.891242
10.217751	-3.963999
10.147931	-4.035925
10.077270	-4.107025
10.005797	-4.177310
9.933539	-4.246787
9.860526	-4.315469
9.786790	-4.383376
9.712361	-4.450520
9.637274	-4.516929
9.561559	-4.582623
9.485244	-4.647616
9.408357	-4.711933
9.330928	-4.775595
9.252990	-4.838634
9.174578	-4.901082
9.095732	-4.962981
9.016503	-5.024390
8.936942	-5.085368
8.857120	-5.146004
8.777118	-5.206401
8.697035	-5.266692
8.617019	-5.327071
8.537277	-5.387811
8.458133	-5.449330
8.380133	-5.512291
8.304233	-5.577769
8.232264	-5.647546
8.167742	-5.724261
8.116306	-5.810299
8.083168	-5.904904
8.000522	-6.140848
7.979861	-6.199834
7.959199	-6.258820
7.938538	-6.317806
7.917876	-6.376792
7.917029	-6.379211
7.916031	-6.381572
7.914885	-6.383865
7.913595	-6.386080
7.912165	-6.388207
7.910600	-6.390237
7.908906	-6.392160
7.907089	-6.393969
7.905157	-6.395653
7.903118	-6.397206
7.900980	-6.398620
7.898752	-6.399887
7.896444	-6.401003
7.894066	-6.401960
7.891630	-6.402755
7.889144	-6.403383
7.886622	-6.403841
7.884075	-6.404126
7.881514	-6.404238
7.878952	-6.404174
7.876400	-6.403936
7.873870	-6.403525
7.871374	-6.402942
7.868923	-6.402190
7.866530	-6.401273
7.864204	-6.400196
7.861957	-6.398962
7.859799	-6.397580
7.857739	-6.396055
7.764666	-6.321099
7.609483	-6.233975
7.477940	-6.198640
7.454300	-6.191503
7.299117	-6.182352
7.212586	-6.191402
7.208786	-6.191908
7.204962	-6.192187
7.201128	-6.192237
7.197298	-6.192056
7.193486	-6.191642
7.189706	-6.190998
7.185972	-6.190125
7.182299	-6.189026
7.178700	-6.187704
7.175188	-6.186166
7.171775	-6.184417
7.168475	-6.182464
7.165299	-6.180317
7.162258	-6.177982
7.159360	-6.175470
7.156617	-6.172792
7.154035	-6.169957
7.151621	-6.166978
7.149382	-6.163865
7.147323	-6.160631
7.145446	-6.157288
7.143755	-6.153846
7.142250	-6.150320
7.140932	-6.146719
7.139799	-6.143056
7.138847	-6.139342
7.138073	-6.135587
7.137469	-6.131800
7.137028	-6.127991
7.136738	-6.124168
7.132010	-6.061847
7.127282	-5.999526
7.122553	-5.937205
7.117825	-5.874884
7.098912	-5.625601
7.091194	-5.523878
7.068063	-5.424520
7.036417	-5.327537
7.000697	-5.231979
6.963172	-5.137117
6.924985	-5.042518
6.886742	-4.947942
6.848783	-4.853251
6.811312	-4.758367
6.774453	-4.663243
6.738283	-4.567856
6.702851	-4.472191
6.668192	-4.376244
6.634332	-4.280012
6.601282	-4.183498
6.569052	-4.086708
6.537650	-3.989646
6.507079	-3.892319
6.477343	-3.794734
6.448441	-3.696898
6.420377	-3.598819
6.393156	-3.500502
6.366782	-3.401955
6.341258	-3.303184
6.316587	-3.204197
6.292776	-3.105000
6.269831	-3.005598
6.247760	-2.905999
6.226568	-2.806209
6.206264	-2.706235
6.186854	-2.606083
6.168349	-2.505760
6.114606	-2.193458
6.089707	-2.039413
6.065874	-1.885368
6.057653	-1.830394
6.042801	-1.731322
6.020693	-1.577277
5.999808	-1.423231
5.980176	-1.269186
5.961813	-1.115140
5.944731	-0.961095
5.928950	-0.807050
5.914480	-0.653004
5.902470	-0.512522
5.901280	-0.498959
5.889003	-0.344913
5.878044	-0.190868
5.868391	-0.036822
5.860389	0.167233
5.855971	0.292074
5.852604	0.417263
5.850584	0.542451
5.849600	0.667338
5.849649	0.792238
5.850738	0.917203
5.852936	1.042485
5.856506	1.167722
5.861159	1.292658
5.866919	1.417588
5.873817	1.542608
5.881994	1.667945
5.891697	1.793181
5.902645	1.918094
5.914904	2.042974
5.928547	2.168020
5.943854	2.293328
5.960918	2.418063
5.979193	2.542244
5.998953	2.666661
6.020597	2.791739
6.044746	2.917037
6.071279	3.041795
6.100092	3.165851
6.131163	3.289659
6.165283	3.414480
6.203602	3.539045
6.245086	3.661415
6.290291	3.785323
6.342933	3.910072
6.400833	4.029788
6.464329	4.151455
6.540265	4.271086
6.625455	4.387311
6.721047	4.492881
6.827253	4.597723
6.952089	4.687779
7.079165	4.762189
7.216865	4.824587
7.360353	4.869341
7.502150	4.898924
7.642822	4.916519
7.782754	4.923912
7.921924	4.921888
8.057963	4.911239
8.190642	4.894744
8.321794	4.872827
8.451841	4.845760
8.578906	4.813885
8.704151	4.779135
8.829005	4.740071
8.952842	4.696979
9.073516	4.650210
9.192800	4.601504
9.311363	4.548827
9.428003	4.493456
9.543719	4.434900
9.656637	4.373489
9.768430	4.310306
9.880069	4.242943
9.987243	4.173494
10.094903	4.102613
10.200477	4.026672
10.302331	3.950841
10.405127	3.871521
10.504596	3.788412
10.601626	3.704764
10.697524	3.617454
10.790216	3.528222
10.882010	3.436414
10.969852	3.341825
11.057103	3.245324
11.139517	3.145530
11.221186	3.045013
11.298482	2.940510
11.373909	2.835990
11.446948	2.726484
11.515428	2.615934
11.580639	2.504760
11.644047	2.390282
11.703172	2.272788
11.757961	2.155252
11.809976	2.035969
11.858306	1.914129
11.902503	1.791227
11.942844	1.667558
11.979731	1.542565
12.012841	1.415653
12.041375	1.288236
12.066259	1.161058
12.087707	1.033083
12.105609	0.903779
12.119233	0.773641
12.128765	0.644026
12.134857	0.514853
12.137616	0.385679
12.138450	0.228922
12.132918	0.128834
