DNdtt_18TF_4PF_3CS.eqdsk
boundary placed 250mm from LCFS at LFS, upper==constant offset, lower==feild line conformal
connection calculated from Xpoint at 3.00mm from LFS

target	graze[deg]	open	Ro[m]		Zo[m]		To[deg]	L2D[m]	L3D[m]
inner	1.50		closed	7.221573	-5.821669	47.56	0.490	27.165	
outer	1.50		closed	8.075853	-6.031519	43.63	0.502	26.963	

boundary segments clockwise from outboard midplane
r[m]		z[m]
364
7.247507	-5.215005
7.253426	-5.232873
7.259346	-5.250741
7.265265	-5.268609
7.270231	-5.286735
7.274140	-5.305147
7.278050	-5.323559
7.281959	-5.341971
7.285869	-5.360384
7.289409	-5.378840
7.289893	-5.397656
7.290376	-5.416473
7.290860	-5.435289
7.291343	-5.454106
7.291827	-5.472922
7.289153	-5.491460
7.285379	-5.509900
7.281605	-5.528341
7.277831	-5.546781
7.274057	-5.565222
7.270283	-5.583662
7.266509	-5.602103
7.262735	-5.620543
7.258961	-5.638984
7.255187	-5.657424
7.251413	-5.675865
7.247639	-5.694305
7.243865	-5.712746
7.240091	-5.731186
7.236317	-5.749627
7.232543	-5.768067
7.228769	-5.786508
7.224995	-5.804948
7.221221	-5.823389
7.217447	-5.841829
7.213673	-5.860270
7.209899	-5.878710
7.206125	-5.897151
7.202351	-5.915591
7.198577	-5.934032
7.194803	-5.952472
7.191029	-5.970913
7.187255	-5.989353
7.183481	-6.007794
7.179707	-6.026234
7.175933	-6.044675
7.172159	-6.063115
7.168514	-6.081579
7.166013	-6.100230
7.164921	-6.119012
7.165302	-6.137825
7.167288	-6.156532
7.170834	-6.175010
7.176092	-6.193072
7.182902	-6.210611
7.191434	-6.227376
7.201420	-6.243321
7.213035	-6.258120
7.225926	-6.271823
7.240247	-6.284023
7.255616	-6.294871
7.272088	-6.303961
7.289335	-6.311467
7.307300	-6.317051
7.325714	-6.320885
7.344436	-6.322729
7.363251	-6.322948
7.382069	-6.323348
7.400888	-6.323748
7.419693	-6.324349
7.438410	-6.326340
7.457127	-6.328332
7.475844	-6.330323
7.494544	-6.332432
7.513004	-6.336108
7.531464	-6.339785
7.549924	-6.343461
7.568385	-6.347137
7.586453	-6.352399
7.604553	-6.357567
7.622664	-6.362694
7.640775	-6.367821
7.658458	-6.374226
7.676006	-6.381036
7.693554	-6.387845
7.711102	-6.394654
7.728359	-6.402125
7.745235	-6.410460
7.762112	-6.418795
7.779215	-6.426639
7.797039	-6.432642
7.815381	-6.436818
7.834085	-6.438833
7.852892	-6.438921
7.871604	-6.436981
7.889985	-6.432998
7.907882	-6.427201
7.924996	-6.419389
7.941251	-6.409927
7.956429	-6.398811
7.970364	-6.386178
7.983050	-6.372284
7.994165	-6.357104
8.003864	-6.340986
8.011983	-6.324014
8.018517	-6.306372
8.023586	-6.288252
8.027350	-6.269809
8.031105	-6.251365
8.034859	-6.232920
8.038613	-6.214476
8.042367	-6.196031
8.046122	-6.177587
8.049876	-6.159142
8.053630	-6.140698
8.057384	-6.122253
8.061139	-6.103809
8.064893	-6.085364
8.068647	-6.066920
8.072401	-6.048475
8.076156	-6.030030
8.079910	-6.011586
8.083664	-5.993141
8.087418	-5.974697
8.091173	-5.956252
8.094927	-5.937808
8.098681	-5.919363
8.102435	-5.900919
8.106190	-5.882474
8.109944	-5.864030
8.113698	-5.845585
8.117452	-5.827141
8.121206	-5.808696
8.124961	-5.790252
8.128715	-5.771807
8.132469	-5.753362
8.136223	-5.734918
8.139978	-5.716473
8.143732	-5.698029
8.149368	-5.680201
8.157260	-5.663113
8.165152	-5.646024
8.173043	-5.628936
8.180935	-5.611847
8.189190	-5.594973
8.200358	-5.579822
8.211526	-5.564670
8.222694	-5.549518
8.233862	-5.534367
8.245030	-5.519215
8.257622	-5.505262
8.270648	-5.491675
8.283674	-5.478088
8.296700	-5.464500
8.309726	-5.450913
8.323143	-5.437728
8.337097	-5.425095
8.351050	-5.412462
8.365003	-5.399829
8.378957	-5.387195
8.392947	-5.374604
8.407370	-5.362510
8.421793	-5.350416
8.436217	-5.338322
8.450640	-5.326228
8.465063	-5.314134
8.479667	-5.302260
8.494337	-5.290466
8.509006	-5.278672
8.523676	-5.266878
8.538346	-5.255084
8.553065	-5.243353
8.567863	-5.231721
8.568073	-5.228847
8.703745	-5.183809
8.836790	-5.131522
8.966699	-5.071865
9.093521	-5.005900
9.217209	-4.934232
9.337639	-4.857212
9.455124	-4.775772
9.569459	-4.689965
9.681084	-4.600662
9.789860	-4.507909
9.896138	-4.412305
9.999973	-4.314052
10.101482	-4.213398
10.200990	-4.110765
10.298315	-4.006059
10.393943	-3.899802
10.487774	-3.791954
10.580029	-3.682756
10.670914	-3.572414
10.760318	-3.460869
10.848604	-3.348437
10.935768	-3.235133
11.021929	-3.121065
11.107292	-3.006398
11.191818	-2.891112
11.275771	-2.775409
11.359200	-2.659327
11.442255	-2.542978
11.525073	-2.426460
11.607792	-2.309870
11.690576	-2.193328
11.773601	-2.076957
11.854510	-1.959105
11.929480	-1.837389
11.998694	-1.712310
12.060739	-1.583525
12.116893	-1.452063
12.166294	-1.317919
12.209366	-1.181610
12.246318	-1.043516
12.276676	-0.903825
12.301516	-0.763047
12.320015	-0.621297
12.333128	-0.478947
12.340958	-0.336210
12.343187	-0.193275
12.340777	-0.050343
12.333463	0.092422
12.321422	0.234866
12.305274	0.376904
12.284821	0.518385
12.260202	0.659202
12.231953	0.799335
12.200108	0.938695
12.164388	1.077113
12.125439	1.214657
12.083370	1.351279
12.038036	1.486852
11.989538	1.621326
11.938226	1.754752
11.884178	1.887093
11.827276	2.018233
11.767569	2.148119
11.705350	2.276821
11.640674	2.404305
11.573540	2.530513
11.503742	2.655267
11.431641	2.778704
11.357273	2.900789
11.280672	3.021486
11.201631	3.140599
11.120318	3.258172
11.036855	3.374230
10.951262	3.488725
10.863435	3.601516
10.773289	3.712462
10.681049	3.821674
10.586725	3.929090
10.490219	4.034551
10.391380	4.137828
10.290458	4.239071
10.187452	4.338193
10.082130	4.434850
9.974558	4.528997
9.864884	4.620686
9.752975	4.709633
9.638666	4.795474
9.522236	4.878417
9.403517	4.958048
9.282407	5.033994
9.159189	5.106468
9.033525	5.174615
8.905692	5.238598
8.775649	5.297961
8.643378	5.352180
8.509119	5.401270
8.372782	5.444253
8.234726	5.481344
8.094984	5.511465
7.953928	5.534666
7.811827	5.550237
7.669068	5.557657
7.526134	5.555418
7.384274	5.537803
7.244448	5.508081
7.107406	5.467403
6.973737	5.416730
6.843448	5.357910
6.717098	5.291044
6.595544	5.215812
6.478787	5.133333
6.367502	5.043606
6.263880	4.945129
6.168180	4.838937
6.082325	4.724639
6.010392	4.601104
5.953264	4.470065
5.918577	4.331389
5.905821	4.189010
5.905821	4.046057
5.905821	3.903105
5.905821	3.760153
5.905821	3.617200
5.905821	3.474248
5.905821	3.331296
5.905821	3.188343
5.905821	3.045391
5.905821	2.902439
5.905821	2.759487
5.905821	2.616534
5.905821	2.473582
5.905821	2.330630
5.905821	2.187677
5.905821	2.044725
5.905821	1.901773
5.905821	1.758820
5.905821	1.615868
5.905821	1.472916
5.905821	1.329963
5.905821	1.187011
5.905821	1.044059
5.905821	0.901107
5.905821	0.758154
5.905821	0.615202
5.905821	0.472250
5.905821	0.329297
5.905821	0.186345
5.905821	0.043393
5.905821	-0.099560
5.905821	-0.242512
5.905821	-0.385464
5.905821	-0.528417
5.905821	-0.671369
5.905821	-0.814321
5.905821	-0.957273
5.905821	-1.100226
5.905821	-1.243178
5.905821	-1.386130
5.905821	-1.529083
5.905821	-1.672035
5.905821	-1.814987
5.905821	-1.957940
5.905821	-2.100892
5.905821	-2.243844
5.905821	-2.386797
5.905821	-2.529749
5.905821	-2.672701
5.905821	-2.815654
5.905821	-2.958606
5.905821	-3.101558
5.905821	-3.244510
5.905821	-3.387463
5.905821	-3.530415
5.905821	-3.673367
5.905821	-3.816320
5.905821	-3.959272
5.920364	-4.101480
5.958491	-4.239249
6.019620	-4.368470
6.097963	-4.488041
6.190188	-4.597263
6.292374	-4.697228
6.403172	-4.787554
6.519784	-4.870240
6.641434	-4.945315
6.767401	-5.012899
6.896564	-5.074154
7.028462	-5.129272
7.163026	-5.177519
7.247507	-5.215005
