SN_3PF_12TF.eqdsk
boundary placed 250mm from LCFS at LFS, upper==constant offset, lower==feild line conformal
connection calculated from Xpoint at 3.00mm from LFS

target	graze[deg]	open	Ro[m]		Zo[m]		To[deg]	L2D[m]	L3D[m]
inner	1.50		closed	5.923996	-6.518529	19.87	1.822	55.334	
outer	1.50		closed	8.480472	-6.968867	19.43	1.436	46.491	

boundary segments clockwise from outboard midplane
r[m]		z[m]
393
12.197016	0.205347
12.188655	0.014526
12.179410	-0.094589
12.167765	-0.203705
12.153737	-0.312820
12.137341	-0.421936
12.118598	-0.531051
12.097538	-0.640167
12.086800	-0.690496
12.074301	-0.749283
12.048876	-0.858398
12.021173	-0.967514
11.991225	-1.076629
11.977597	-1.123121
11.959163	-1.185745
11.924956	-1.294860
11.888567	-1.403976
11.868394	-1.461451
11.850079	-1.513091
11.809491	-1.622207
11.766837	-1.731322
11.759191	-1.750221
11.722089	-1.840438
11.675324	-1.949553
11.649989	-2.006769
11.626520	-2.058669
11.578239	-2.162578
11.533599	-2.253851
11.487663	-2.344478
11.440463	-2.434454
11.392031	-2.523772
11.342395	-2.612427
11.291584	-2.700414
11.239624	-2.787727
11.186541	-2.874362
11.132363	-2.960317
11.077112	-3.045586
11.020812	-3.130166
10.963487	-3.214054
10.905158	-3.297248
10.845850	-3.379746
10.785585	-3.461548
10.724383	-3.542652
10.662266	-3.623056
10.599252	-3.702760
10.535364	-3.781765
10.470622	-3.860072
10.405049	-3.937684
10.338668	-4.014606
10.271502	-4.090844
10.203577	-4.166405
10.134917	-4.241301
10.065550	-4.315541
9.995505	-4.389142
9.924813	-4.462122
9.853508	-4.534504
9.781629	-4.606314
9.709216	-4.677587
9.636318	-4.748364
9.562988	-4.818693
9.489286	-4.888632
9.415283	-4.958253
9.341063	-5.027641
9.266726	-5.096905
9.192397	-5.166177
9.118230	-5.235623
9.044424	-5.305452
8.971237	-5.375930
8.899010	-5.447391
8.828202	-5.520258
8.759439	-5.595058
8.693572	-5.672422
8.631740	-5.753045
8.575377	-5.837584
8.526109	-5.926444
8.485453	-6.019559
8.454408	-6.116304
8.433187	-6.215668
8.421263	-6.316570
8.417638	-6.418110
8.421135	-6.519654
8.430620	-6.620815
8.445026	-6.721393
8.480472	-6.968867
8.489334	-7.030736
8.498196	-7.092604
8.507057	-7.154473
8.515919	-7.216341
8.516968	-7.223662
8.517297	-7.231051
8.516906	-7.238436
8.515801	-7.245749
8.513993	-7.252920
8.511503	-7.259884
8.508356	-7.266577
8.504582	-7.272937
8.500219	-7.278908
8.495307	-7.284437
8.489893	-7.289476
8.484027	-7.293980
8.477762	-7.297910
8.471156	-7.301235
8.464267	-7.303925
8.457156	-7.305958
8.449887	-7.307319
8.442522	-7.307995
8.435127	-7.307984
8.427764	-7.307284
8.420498	-7.305904
8.413392	-7.303854
8.406507	-7.301154
8.399903	-7.297825
8.393637	-7.293896
8.387765	-7.289401
8.382337	-7.284377
8.377403	-7.278868
8.373006	-7.272921
8.297365	-6.859752
8.264700	-6.807865
8.223355	-6.750636
8.155498	-6.652287
8.146794	-6.641520
8.064113	-6.532405
8.046295	-6.507221
7.973922	-6.423289
7.937092	-6.377534
7.871992	-6.314174
7.827889	-6.267903
7.745449	-6.205058
7.718686	-6.182944
7.609483	-6.123329
7.516044	-6.095943
7.500280	-6.090963
7.391078	-6.078415
7.281875	-6.084146
7.216980	-6.095943
7.172672	-6.102518
7.063469	-6.128903
6.954266	-6.162885
6.845063	-6.203032
6.840387	-6.205058
6.735861	-6.244874
6.626658	-6.290916
6.576587	-6.314174
6.517455	-6.338980
6.408252	-6.388849
6.337705	-6.423289
6.299049	-6.440680
6.189846	-6.493314
6.112722	-6.532405
6.080644	-6.547633
5.971441	-6.602362
5.896295	-6.641520
5.862238	-6.658372
5.761957	-6.710441
5.761699	-6.710575
5.761430	-6.710683
5.761152	-6.710765
5.760867	-6.710820
5.760578	-6.710848
5.760287	-6.710848
5.759998	-6.710820
5.759713	-6.710765
5.759435	-6.710683
5.759165	-6.710574
5.758908	-6.710441
5.758664	-6.710283
5.758436	-6.710103
5.758227	-6.709902
5.758038	-6.709681
5.757871	-6.709444
5.757727	-6.709192
5.757608	-6.708927
5.757514	-6.708652
5.757448	-6.708370
5.757408	-6.708082
5.757397	-6.707792
5.757413	-6.707502
5.757456	-6.707215
5.757527	-6.706934
5.757624	-6.706660
5.757748	-6.706397
5.757895	-6.706147
5.758066	-6.705912
5.758258	-6.705695
5.799693	-6.658904
5.841127	-6.612112
5.882561	-6.565320
5.923996	-6.518529
6.089733	-6.331363
6.155452	-6.257146
6.219042	-6.181097
6.280171	-6.103056
6.338391	-6.022821
6.393152	-5.940187
6.443801	-5.854971
6.489599	-5.767052
6.529763	-5.676421
6.563557	-5.583227
6.590415	-5.487803
6.610084	-5.390642
6.622715	-5.292318
6.628852	-5.193376
6.629311	-5.094245
6.625020	-4.995206
6.616890	-4.896408
6.605736	-4.797905
6.592246	-4.699696
6.576987	-4.601745
6.560417	-4.504008
6.542906	-4.406435
6.524751	-4.308979
6.506196	-4.211599
6.487437	-4.114259
6.468638	-4.016925
6.449935	-3.919574
6.431443	-3.822182
6.413261	-3.724732
6.395471	-3.627209
6.347925	-3.368055
6.327030	-3.258939
6.305966	-3.149824
6.299049	-3.114770
6.284786	-3.040708
6.263612	-2.931593
6.242593	-2.822477
6.221829	-2.713362
6.201406	-2.604246
6.189846	-2.541864
6.181283	-2.495131
6.161457	-2.386015
6.142128	-2.276900
6.123344	-2.167784
6.105146	-2.058669
6.087572	-1.949553
6.080644	-1.905345
6.070457	-1.840438
6.053875	-1.731322
6.037971	-1.622207
6.022763	-1.513091
6.008268	-1.403976
5.994501	-1.294860
5.981470	-1.185745
5.971441	-1.096871
5.969127	-1.076629
5.957305	-0.967514
5.946236	-0.858398
5.935921	-0.749283
5.926362	-0.640167
5.917559	-0.531051
5.909514	-0.421936
5.902220	-0.312820
5.895672	-0.203705
5.889859	-0.094589
5.884773	0.014526
5.882503	0.136264
5.879992	0.225127
5.878218	0.313978
5.877004	0.402585
5.876346	0.491193
5.876239	0.579834
5.876711	0.668700
5.877896	0.757523
5.879629	0.846109
5.881913	0.934682
5.884749	1.023293
5.888182	1.112100
5.892318	1.200831
5.897001	1.289330
5.902243	1.377807
5.908052	1.466330
5.914493	1.555021
5.921643	1.643608
5.929354	1.731922
5.937609	1.820095
5.946376	1.908200
5.955709	1.996523
5.965761	2.084866
5.976408	2.173021
5.987685	2.261144
5.999639	2.349452
6.012440	2.437866
6.026023	2.526050
6.040311	2.613922
6.055244	2.701615
6.070954	2.789725
6.087771	2.877996
6.105508	2.965982
6.124237	3.053880
6.144062	3.141911
6.165247	3.230220
6.187875	3.318238
6.211787	3.405972
6.237296	3.493766
6.264767	3.582208
6.294946	3.671116
6.327510	3.758712
6.362078	3.845631
6.400614	3.934756
6.443822	4.022227
6.489666	4.107721
6.541659	4.194668
6.599126	4.277506
6.661239	4.359323
6.732737	4.438865
6.809113	4.511754
6.893049	4.580940
6.981712	4.640077
7.072524	4.693621
7.171276	4.740175
7.270210	4.776917
7.368478	4.806487
7.468160	4.829838
7.568688	4.847022
7.668099	4.858061
7.765815	4.864468
7.862984	4.866726
7.959954	4.865178
8.056816	4.859715
8.151798	4.850598
8.244609	4.839094
8.336989	4.825356
8.429862	4.809009
8.522417	4.789701
8.613584	4.767951
8.702936	4.744263
8.790923	4.719208
8.879810	4.692225
8.968531	4.662418
9.054799	4.631210
9.139745	4.599068
9.225911	4.564910
9.311433	4.528065
9.393617	4.490768
9.476624	4.452440
9.560125	4.410966
9.640546	4.368882
9.720809	4.325986
9.801270	4.280574
9.879955	4.234093
9.957506	4.186699
10.035162	4.137534
10.111706	4.086565
10.186012	4.035323
10.261363	3.982283
10.334807	3.927093
10.406942	3.872045
10.478894	3.814561
10.548727	3.756661
10.618682	3.697319
10.687206	3.636030
10.754277	3.574473
10.820886	3.510944
10.885574	3.446625
10.950060	3.380859
11.012268	3.313788
11.074351	3.245808
11.134068	3.176008
11.193033	3.106238
11.250331	3.034396
11.306695	2.962205
11.361693	2.887859
11.415408	2.812530
11.466662	2.736497
11.517149	2.659815
11.566045	2.580965
11.612760	2.502389
11.658747	2.422080
11.702595	2.340354
11.744529	2.258712
11.785015	2.175851
11.824018	2.091484
11.860651	2.006576
11.895462	1.921799
11.928991	1.835470
11.960480	1.747877
11.989737	1.660237
12.017098	1.572502
12.042928	1.483780
12.066847	1.393652
12.088305	1.303517
12.107861	1.213771
12.125684	1.123640
12.141913	1.032309
12.155777	0.940287
12.167535	0.848773
12.177431	0.757281
12.185507	0.665645
12.191820	0.573152
12.195770	0.480580
12.197910	0.388791
12.198319	0.297059
12.197016	0.205347
