Equil_AR3d1_2016_01_v1_SN_SOF_baseline_2016_opt.eqdsk
boundary placed 250mm from LCFS at LFS, upper==constant offset, lower==feild line conformal
connection calculated from Xpoint at 3.00mm from LFS

target	graze[deg]	open	Ro[m]		Zo[m]		To[deg]	L2D[m]	L3D[m]
inner	1.50		closed	7.024410	-5.779092	58.06	0.492	31.098	
outer	1.50		closed	7.876071	-6.114141	53.68	0.558	34.464	

boundary segments clockwise from outboard midplane
r[m]		z[m]
381
6.985802	-5.059262
6.991860	-5.076981
6.997918	-5.094701
7.003976	-5.112421
7.010033	-5.130141
7.015486	-5.148053
7.020797	-5.166011
7.026108	-5.183969
7.031419	-5.201926
7.036730	-5.219884
7.041479	-5.237985
7.045395	-5.256297
7.049311	-5.274610
7.053227	-5.292922
7.057143	-5.311235
7.061059	-5.329547
7.062467	-5.348220
7.063863	-5.366895
7.065258	-5.385569
7.066654	-5.404244
7.068050	-5.422918
7.067240	-5.441536
7.064883	-5.460113
7.062526	-5.478691
7.060169	-5.497269
7.057812	-5.515846
7.055455	-5.534424
7.053097	-5.553002
7.050740	-5.571579
7.048383	-5.590157
7.046026	-5.608734
7.043669	-5.627312
7.041311	-5.645890
7.038954	-5.664467
7.036597	-5.683045
7.034240	-5.701623
7.031883	-5.720200
7.029526	-5.738778
7.027168	-5.757356
7.024811	-5.775933
7.022454	-5.794511
7.020097	-5.813089
7.017740	-5.831666
7.015382	-5.850244
7.013025	-5.868821
7.010668	-5.887399
7.008311	-5.905977
7.005954	-5.924554
7.003597	-5.943132
7.001239	-5.961710
6.998882	-5.980287
6.996525	-5.998865
6.994168	-6.017443
6.992446	-6.036063
6.997118	-6.054043
7.009124	-6.068196
7.026196	-6.075457
7.044856	-6.075209
7.063523	-6.073714
7.082189	-6.072219
7.100863	-6.071050
7.119577	-6.071754
7.138290	-6.072457
7.157003	-6.073161
7.175717	-6.073864
7.194430	-6.074568
7.213143	-6.075271
7.231542	-6.078693
7.249920	-6.082287
7.268299	-6.085881
7.286677	-6.089474
7.305056	-6.093068
7.323435	-6.096662
7.341205	-6.102323
7.358602	-6.109252
7.376000	-6.116181
7.393398	-6.123109
7.410814	-6.129991
7.428237	-6.136855
7.445661	-6.143719
7.461512	-6.153656
7.477276	-6.163764
7.493040	-6.173872
7.508804	-6.183981
7.524569	-6.194089
7.540333	-6.204198
7.556097	-6.214306
7.570701	-6.225916
7.584458	-6.238621
7.598246	-6.251293
7.612037	-6.263961
7.625829	-6.276629
7.639620	-6.289297
7.653412	-6.301965
7.667203	-6.314633
7.680739	-6.327547
7.692839	-6.341840
7.707450	-6.353234
7.725726	-6.356324
7.743304	-6.350431
7.756229	-6.337123
7.765124	-6.320645
7.773987	-6.304148
7.782850	-6.287652
7.791713	-6.271156
7.800576	-6.254659
7.809438	-6.238163
7.818301	-6.221666
7.827164	-6.205170
7.836027	-6.188673
7.844890	-6.172177
7.853753	-6.155680
7.862616	-6.139184
7.871479	-6.122687
7.880342	-6.106191
7.889205	-6.089695
7.898068	-6.073198
7.906931	-6.056702
7.915794	-6.040205
7.924657	-6.023709
7.933520	-6.007212
7.942383	-5.990716
7.951246	-5.974219
7.960109	-5.957723
7.968972	-5.941226
7.977835	-5.924730
7.986698	-5.908234
7.995561	-5.891737
8.004424	-5.875241
8.013287	-5.858744
8.022150	-5.842248
8.031012	-5.825751
8.039875	-5.809255
8.050867	-5.794156
8.062483	-5.779468
8.074098	-5.764779
8.085714	-5.750090
8.097329	-5.735401
8.109694	-5.721388
8.123115	-5.708327
8.136535	-5.695267
8.149956	-5.682207
8.163377	-5.669147
8.176853	-5.656148
8.191252	-5.644175
8.205652	-5.632203
8.220051	-5.620230
8.234451	-5.608258
8.248850	-5.596285
8.263595	-5.584747
8.278490	-5.573396
8.293384	-5.562046
8.308279	-5.550695
8.323173	-5.539344
8.338150	-5.528104
8.353286	-5.517078
8.368423	-5.506052
8.383559	-5.495026
8.398696	-5.484000
8.413832	-5.472974
8.429072	-5.462091
8.444314	-5.451211
8.459555	-5.440331
8.474797	-5.429451
8.490039	-5.418571
8.505297	-5.407714
8.520565	-5.396871
8.535834	-5.386029
8.551102	-5.375186
8.566370	-5.364343
8.581633	-5.353493
8.596879	-5.342619
8.612125	-5.331745
8.627371	-5.320871
8.642618	-5.309998
8.657864	-5.299124
8.673061	-5.288181
8.688253	-5.277232
8.703445	-5.266282
8.718636	-5.255333
8.733828	-5.244383
8.748978	-5.233376
8.764093	-5.222321
8.779208	-5.211265
8.794323	-5.200210
8.809438	-5.189155
8.824536	-5.178076
8.839558	-5.166895
8.854580	-5.155713
8.869602	-5.144532
8.884624	-5.133350
8.899646	-5.122169
8.914581	-5.110871
8.929497	-5.099549
8.944414	-5.088228
8.959330	-5.076906
8.977063	-5.065003
9.099913	-5.000968
9.219094	-4.930337
9.334091	-4.853081
9.445630	-4.770912
9.553355	-4.683802
9.657854	-4.592847
9.758997	-4.498174
9.857313	-4.400569
9.952670	-4.300070
10.045683	-4.197398
10.136058	-4.092398
10.224453	-3.985723
10.310739	-3.877337
10.395243	-3.767555
10.478139	-3.656555
10.559438	-3.544379
10.639510	-3.431324
10.718295	-3.317368
10.796095	-3.202738
10.873005	-3.087509
10.949162	-2.971780
11.024770	-2.855693
11.099938	-2.739320
11.174889	-2.622807
11.249796	-2.506265
11.324877	-2.389836
11.399644	-2.273205
11.472650	-2.155463
11.543034	-2.036136
11.610672	-1.915231
11.675443	-1.792766
11.737220	-1.668764
11.795879	-1.543257
11.851297	-1.416285
11.903353	-1.287899
11.951926	-1.158154
11.996902	-1.027120
12.038170	-0.894871
12.075625	-0.761491
12.108887	-0.627005
12.137949	-0.491549
12.162884	-0.355273
12.183623	-0.218295
12.200104	-0.080740
12.212266	0.057263
12.219425	0.195617
12.222187	0.334128
12.220541	0.472657
12.214485	0.611063
12.203413	0.749158
12.187823	0.886817
12.167885	1.023913
12.143512	1.160291
12.114252	1.295704
12.080815	1.430147
12.043272	1.563502
12.001090	1.695462
11.954835	1.826051
11.904739	1.955215
11.850461	2.082678
11.792264	2.208400
11.730528	2.332422
11.665018	2.454493
11.595848	2.574529
11.523451	2.692646
11.447642	2.808602
11.368480	2.922296
11.286392	3.033896
11.201205	3.143148
11.112987	3.249968
11.022122	3.354545
10.928417	3.456586
10.832003	3.556071
10.733193	3.653177
10.631748	3.747526
10.527909	3.839234
10.421901	3.928426
10.313406	4.014575
10.202830	4.098038
10.090208	4.178717
9.975356	4.256189
9.858665	4.330862
9.739955	4.402283
9.619386	4.470517
9.497099	4.535623
9.372917	4.597038
9.247204	4.655255
9.119739	4.709528
8.990825	4.760262
8.860380	4.806921
8.728582	4.849606
8.595456	4.887952
8.461148	4.921925
8.325723	4.951130
8.189367	4.975624
8.052152	4.994726
7.914334	5.008835
7.776024	5.016768
7.637500	5.018750
7.499187	5.010873
7.361875	4.992487
7.226126	4.964833
7.092096	4.929779
6.960438	4.886664
6.831158	4.836871
6.704522	4.780692
6.581385	4.717211
6.462051	4.646839
6.346998	4.569666
6.237947	4.484223
6.135788	4.390649
6.042305	4.288407
5.961072	4.176186
5.894423	4.054734
5.847653	3.924332
5.824915	3.787677
5.821720	3.649175
5.821720	3.510636
5.821720	3.372098
5.821720	3.233559
5.821720	3.095021
5.821720	2.956482
5.821720	2.817944
5.821720	2.679405
5.821720	2.540866
5.821720	2.402328
5.821720	2.263789
5.821720	2.125251
5.821720	1.986712
5.821720	1.848173
5.821720	1.709635
5.821720	1.571096
5.821720	1.432558
5.821720	1.294019
5.821720	1.155481
5.821720	1.016942
5.821720	0.878403
5.821720	0.739865
5.821720	0.601326
5.821720	0.462788
5.821720	0.324249
5.821720	0.185710
5.821720	0.047172
5.821720	-0.091367
5.821720	-0.229905
5.821720	-0.368444
5.821720	-0.506982
5.821720	-0.645521
5.821720	-0.784060
5.821720	-0.922598
5.821720	-1.061137
5.821720	-1.199675
5.821720	-1.338214
5.821720	-1.476753
5.821720	-1.615291
5.821720	-1.753830
5.821720	-1.892368
5.821720	-2.030907
5.821720	-2.169445
5.821720	-2.307984
5.821720	-2.446523
5.821720	-2.585061
5.821720	-2.723600
5.821720	-2.862138
5.821720	-3.000677
5.821720	-3.139216
5.821720	-3.277754
5.821720	-3.416293
5.821720	-3.554831
5.821720	-3.693370
5.821720	-3.831908
5.821720	-3.970447
5.835541	-4.108292
5.873504	-4.241521
5.934139	-4.366083
6.014736	-4.478763
6.108593	-4.580661
6.213479	-4.671167
6.325589	-4.752554
6.443877	-4.824670
6.566153	-4.889796
6.691892	-4.947955
6.820316	-4.999918
6.985802	-5.059262
