SNdtt18_4PF_3CS.eqdsk
boundary placed 250mm from LCFS at LFS, upper==constant offset, lower==feild line conformal
connection calculated from Xpoint at 3.00mm from LFS

target	graze[deg]	open	Ro[m]		Zo[m]		To[deg]	L2D[m]	L3D[m]
inner	1.50		closed	6.850395	-5.902767	45.52	0.698	40.682	
outer	1.50		closed	7.956425	-6.219511	47.88	0.642	36.863	

boundary segments clockwise from outboard midplane
r[m]		z[m]
394
6.960261	-5.266605
6.963329	-5.286120
6.966398	-5.305635
6.969466	-5.325150
6.972534	-5.344665
6.975603	-5.364180
6.976224	-5.383917
6.976723	-5.403666
6.977223	-5.423414
6.977722	-5.443162
6.978221	-5.462911
6.976140	-5.482503
6.973269	-5.502048
6.970397	-5.521593
6.967526	-5.541138
6.964654	-5.560683
6.959778	-5.579745
6.953442	-5.598456
6.947106	-5.617167
6.940770	-5.635878
6.934434	-5.654589
6.928098	-5.673300
6.921762	-5.692011
6.915426	-5.710723
6.909090	-5.729434
6.902754	-5.748145
6.896418	-5.766856
6.890082	-5.785567
6.883746	-5.804278
6.877410	-5.822989
6.871074	-5.841700
6.864738	-5.860411
6.858402	-5.879122
6.852066	-5.897833
6.845730	-5.916544
6.839394	-5.935255
6.833058	-5.953966
6.826722	-5.972677
6.820386	-5.991388
6.814050	-6.010099
6.807714	-6.028810
6.801378	-6.047521
6.795042	-6.066232
6.788706	-6.084943
6.782370	-6.103654
6.776034	-6.122365
6.769698	-6.141076
6.769757	-6.160497
6.781352	-6.176062
6.799984	-6.181501
6.819279	-6.177408
6.838473	-6.172735
6.857667	-6.168061
6.877014	-6.164123
6.896474	-6.160720
6.915933	-6.157317
6.935392	-6.153914
6.954852	-6.150511
6.974311	-6.147109
6.993892	-6.144598
7.013552	-6.142660
7.033211	-6.140722
7.052871	-6.138784
7.072530	-6.136846
7.092189	-6.134908
7.111915	-6.134336
7.131670	-6.134349
7.151425	-6.134363
7.171179	-6.134376
7.190934	-6.134389
7.210689	-6.134403
7.230305	-6.136518
7.249891	-6.139097
7.269476	-6.141676
7.289062	-6.144254
7.308648	-6.146833
7.328233	-6.149412
7.347197	-6.154849
7.366082	-6.160645
7.384967	-6.166441
7.403853	-6.172237
7.422738	-6.178032
7.441623	-6.183828
7.459416	-6.192242
7.476820	-6.201588
7.494224	-6.210934
7.511628	-6.220280
7.529032	-6.229627
7.546436	-6.238973
7.563853	-6.248261
7.579737	-6.260006
7.595621	-6.271750
7.611506	-6.283495
7.627390	-6.295240
7.643274	-6.306984
7.659158	-6.318729
7.675043	-6.330474
7.689492	-6.343886
7.703542	-6.357772
7.717831	-6.371413
7.732120	-6.385055
7.746408	-6.398696
7.760697	-6.412337
7.774985	-6.425978
7.789274	-6.439620
7.802802	-6.453989
7.815810	-6.468856
7.832193	-6.479378
7.851675	-6.479255
7.867997	-6.468604
7.876671	-6.451031
7.883105	-6.432354
7.889539	-6.413676
7.895973	-6.394999
7.902407	-6.376321
7.908841	-6.357644
7.915275	-6.338966
7.921709	-6.320289
7.928144	-6.301611
7.934578	-6.282934
7.941012	-6.264256
7.947446	-6.245578
7.953880	-6.226901
7.960314	-6.208223
7.966748	-6.189546
7.973182	-6.170868
7.979616	-6.152191
7.986050	-6.133513
7.992484	-6.114836
7.998918	-6.096158
8.005352	-6.077481
8.011786	-6.058803
8.018220	-6.040125
8.024654	-6.021448
8.031088	-6.002770
8.037523	-5.984093
8.043957	-5.965415
8.050391	-5.946738
8.056825	-5.928060
8.063259	-5.909383
8.069693	-5.890705
8.078731	-5.873176
8.088187	-5.855832
8.097644	-5.838488
8.107101	-5.821144
8.116558	-5.803800
8.127904	-5.787675
8.139803	-5.771906
8.151702	-5.756136
8.163601	-5.740367
8.175500	-5.724598
8.188493	-5.709749
8.201987	-5.695321
8.215481	-5.680894
8.228975	-5.666466
8.242469	-5.652038
8.256512	-5.638159
8.270925	-5.624650
8.285338	-5.611140
8.299751	-5.597630
8.314164	-5.584120
8.328836	-5.570897
8.343755	-5.557949
8.358675	-5.545001
8.373594	-5.532052
8.388514	-5.519104
8.403548	-5.506291
8.418740	-5.493664
8.433932	-5.481036
8.449124	-5.468409
8.464315	-5.455781
8.479553	-5.443209
8.494882	-5.430749
8.510211	-5.418288
8.525540	-5.405827
8.540869	-5.393366
8.556212	-5.380923
8.571596	-5.368530
8.586980	-5.356138
8.602365	-5.343746
8.617749	-5.331353
8.633134	-5.318962
8.648522	-5.306574
8.663910	-5.294185
8.679297	-5.281797
8.694685	-5.269409
8.710071	-5.257018
8.725427	-5.244591
8.740783	-5.232164
8.756140	-5.219737
8.771496	-5.207310
8.786852	-5.194883
8.802154	-5.182389
8.817454	-5.169893
8.832755	-5.157398
8.848055	-5.144902
8.863356	-5.132406
8.878591	-5.119831
8.893818	-5.107246
8.909045	-5.094661
8.924272	-5.082076
8.939500	-5.069491
8.954657	-5.056822
8.969798	-5.044134
8.984939	-5.031445
9.000080	-5.018756
9.015220	-5.006068
9.030292	-4.993297
9.045337	-4.980494
8.996177	-5.005764
9.114510	-4.933342
9.230100	-4.856617
9.342824	-4.775740
9.452932	-4.691336
9.560304	-4.603478
9.665172	-4.512646
9.767540	-4.419006
9.867479	-4.322777
9.965215	-4.224311
10.060557	-4.123526
10.153941	-4.020924
10.245094	-3.916335
10.334349	-3.810120
10.421724	-3.702355
10.507143	-3.593033
10.590922	-3.482448
10.672858	-3.370491
10.753178	-3.257370
10.831954	-3.143167
10.909035	-3.027814
10.984721	-2.911542
11.058850	-2.794269
11.131566	-2.676116
11.202918	-2.557134
11.272809	-2.437288
11.341473	-2.316735
11.408656	-2.195350
11.474665	-2.073323
11.539252	-1.950537
11.602673	-1.827145
11.664678	-1.703035
11.724663	-1.577937
11.781409	-1.451337
11.834476	-1.323150
11.883393	-1.193324
11.928362	-1.062077
11.969308	-0.929521
12.006148	-0.795765
12.038809	-0.660928
12.067228	-0.525133
12.090953	-0.388440
12.110101	-0.251031
12.124862	-0.113082
12.135219	0.025267
12.141095	0.163879
12.141924	0.302613
12.138363	0.441304
12.130443	0.579814
12.118068	0.717997
12.100814	0.855657
12.079349	0.992723
12.053736	1.129074
12.023639	1.264507
11.989227	1.398908
11.950902	1.532246
11.908677	1.664400
11.862092	1.795082
11.811861	1.924406
11.758071	2.052290
11.700333	2.178441
11.639059	2.302913
11.574499	2.425713
11.506463	2.546622
11.434997	2.665535
11.360504	2.782576
11.282929	2.897598
11.202069	3.010334
11.118420	3.121016
11.031999	3.229548
10.942468	3.335529
10.850360	3.439279
10.755708	3.540712
10.658148	3.639352
10.558200	3.735571
10.455852	3.829234
10.350832	3.919890
10.243593	4.007911
10.134025	4.093014
10.022059	4.174938
9.908035	4.253971
9.791690	4.329546
9.673274	4.401834
9.552865	4.470749
9.430300	4.535754
9.305960	4.597295
9.179561	4.654488
9.051485	4.707820
8.921603	4.756588
8.790149	4.800945
8.657134	4.840376
8.522759	4.874890
8.387099	4.903943
8.250404	4.927649
8.112779	4.945169
7.974549	4.957015
7.835896	4.961801
7.697182	4.959364
7.558959	4.947447
7.421544	4.928351
7.285364	4.901845
7.150559	4.869053
7.017281	4.830523
6.885842	4.786121
6.756742	4.735319
6.630092	4.678686
6.506332	4.615986
6.386413	4.546223
6.271250	4.468861
6.161537	4.383946
6.059684	4.289747
5.967701	4.185890
5.888681	4.071859
5.827117	3.947533
5.787523	3.814571
5.772131	3.676694
5.771616	3.537958
5.771616	3.399222
5.771616	3.260485
5.771616	3.121749
5.771616	2.983012
5.771616	2.844276
5.771616	2.705539
5.771616	2.566803
5.771616	2.428066
5.771616	2.289329
5.771616	2.150593
5.771616	2.011856
5.771616	1.873120
5.771616	1.734383
5.771616	1.595647
5.771616	1.456910
5.771616	1.318174
5.771616	1.179437
5.771616	1.040701
5.771616	0.901964
5.771616	0.763228
5.771616	0.624491
5.771616	0.485755
5.771616	0.347018
5.771616	0.208282
5.771616	0.069545
5.771616	-0.069191
5.771616	-0.207928
5.771616	-0.346664
5.771616	-0.485401
5.771616	-0.624137
5.771616	-0.762874
5.771616	-0.901610
5.771616	-1.040347
5.771616	-1.179083
5.771616	-1.317820
5.771616	-1.456557
5.771616	-1.595293
5.771616	-1.734030
5.771616	-1.872766
5.771616	-2.011503
5.771616	-2.150239
5.771616	-2.288976
5.771616	-2.427712
5.771616	-2.566449
5.771616	-2.705185
5.771616	-2.843922
5.771616	-2.982658
5.771616	-3.121395
5.771616	-3.260131
5.771616	-3.398868
5.771616	-3.537604
5.771616	-3.676341
5.771616	-3.815077
5.771616	-3.953814
5.771616	-4.092550
5.786055	-4.230530
5.823555	-4.364098
5.883858	-4.489042
5.960407	-4.604746
6.050790	-4.710000
6.150355	-4.806613
6.258436	-4.893597
6.372218	-4.972978
6.490592	-5.045332
6.613211	-5.110234
6.739106	-5.168528
6.867665	-5.220684
6.960261	-5.266605
