Rin m		Zin m		Rout m		Zout m
12.379455	-1.383011	13.497385	-1.817234
12.399961	-1.330190	13.522708	-1.753582
12.420113	-1.277250	13.546636	-1.690577
12.439907	-1.224193	13.569165	-1.629988
12.459344	-1.171018	13.591267	-1.569316
12.478421	-1.117728	13.612968	-1.508488
12.497138	-1.064324	13.634265	-1.447506
12.515492	-1.010806	13.655157	-1.386370
12.533482	-0.957177	13.675642	-1.325085
12.551107	-0.903438	13.695716	-1.263651
12.568366	-0.849589	13.715377	-1.202072
12.585256	-0.795632	13.734625	-1.140350
12.601777	-0.741568	13.753455	-1.078488
12.617927	-0.687399	13.771866	-1.016488
12.633704	-0.633126	13.789856	-0.954352
12.649107	-0.578750	13.807422	-0.892084
12.664135	-0.524272	13.824562	-0.829685
12.678786	-0.469693	13.841275	-0.767160
12.693059	-0.415015	13.857558	-0.704510
12.706952	-0.360240	13.873408	-0.641738
12.720464	-0.305367	13.888825	-0.578847
12.733594	-0.250399	13.903806	-0.515840
12.746339	-0.195337	13.918348	-0.452720
12.758699	-0.140182	13.932451	-0.389490
12.770672	-0.084935	13.946111	-0.326153
12.782256	-0.029598	13.959328	-0.262712
12.793451	0.025828	13.972099	-0.199170
12.804254	0.081343	13.984422	-0.135530
12.814664	0.136944	13.996296	-0.071795
12.824681	0.192630	14.007720	-0.007969
12.834301	0.248401	14.018690	0.055946
12.843525	0.304255	14.029206	0.119945
12.852350	0.360190	14.039267	0.184026
12.860775	0.416206	14.048870	0.248187
12.868798	0.472300	14.058017	0.312446
12.876419	0.528473	14.066713	0.376889
12.883619	0.584720	14.074955	0.441656
12.890358	0.641032	14.082712	0.506848
12.896590	0.697402	14.089939	0.572490
12.902272	0.753821	14.096585	0.638580
12.907359	0.810279	14.102600	0.705109
12.911807	0.866769	14.107934	0.772067
12.915571	0.923282	14.112536	0.839442
12.918608	0.979809	14.116356	0.907221
12.920873	1.036343	14.119346	0.975398
12.922323	1.092873	14.121464	1.044238
12.922926	1.149392	14.122583	1.113366
12.922673	1.205891	14.122737	1.182318
12.921559	1.262361	14.121928	1.251291
12.919575	1.318795	14.120149	1.320302
12.916716	1.375182	14.117392	1.389337
12.912973	1.431516	14.113650	1.458380
12.908340	1.487787	14.108915	1.527415
12.902810	1.543986	14.103182	1.596428
12.896377	1.600105	14.096443	1.665400
12.889032	1.656136	14.088695	1.734310
12.880787	1.712069	14.079938	1.803108
12.871672	1.767897	14.070172	1.871802
12.861721	1.823611	14.059392	1.940357
12.850968	1.879202	14.047677	2.008357
12.839445	1.934661	14.035141	2.075700
12.827188	1.989981	14.021781	2.142629
12.814228	2.045152	14.007631	2.209145
12.800600	2.100165	13.992726	2.275243
12.786337	2.155013	13.977103	2.340919
12.771473	2.209687	13.960796	2.406172
12.756022	2.264178	13.943833	2.471026
12.739980	2.318477	13.926221	2.535562
12.723335	2.372576	13.907940	2.599891
12.706079	2.426467	13.888964	2.664088
12.688204	2.480141	13.869275	2.728169
12.669701	2.533589	13.848861	2.792127
12.650560	2.586802	13.827714	2.855949
12.630772	2.639773	13.805824	2.919622
12.610329	2.692492	13.783181	2.983133
12.589227	2.744951	13.759777	3.046467
12.567470	2.797143	13.735608	3.109602
12.545062	2.849059	13.710643	3.172584
12.522007	2.900692	13.684875	3.235359
12.498310	2.952034	13.658386	3.297723
12.473973	3.003076	13.631208	3.359672
12.449002	3.053811	13.603305	3.421289
12.423401	3.104232	13.574680	3.482571
12.397173	3.154329	13.545338	3.543509
12.370323	3.204096	13.515282	3.604096
12.342855	3.253524	13.484516	3.664324
12.314772	3.302606	13.453044	3.724187
12.286080	3.351333	13.420871	3.783676
12.256782	3.399698	13.387999	3.842784
12.226882	3.447693	13.354433	3.901503
12.196384	3.495311	13.320177	3.959827
12.165293	3.542542	13.285235	4.017746
12.133612	3.589379	13.249610	4.075255
12.101346	3.635815	13.213306	4.132344
12.068498	3.681841	13.176327	4.189007
12.035073	3.727450	13.138676	4.245237
12.001076	3.772633	13.100317	4.301084
11.966509	3.817384	13.061204	4.356580
11.931377	3.861693	13.021445	4.411543
11.895685	3.905553	12.981108	4.465932
11.859436	3.948957	12.940122	4.519844
11.822634	3.991896	12.898489	4.573273
11.785284	4.034362	12.856213	4.626211
11.747389	4.076347	12.813298	4.678651
11.708954	4.117845	12.769748	4.730583
11.669983	4.158846	12.725568	4.782000
11.630480	4.199343	12.680762	4.832894
11.590449	4.239328	12.635335	4.883256
11.549893	4.278793	12.589290	4.933077
11.508819	4.317731	12.542633	4.982349
11.467228	4.356132	12.495368	5.031064
11.425126	4.393991	12.447501	5.079212
11.382516	4.431297	12.399035	5.126786
11.339403	4.468045	12.349975	5.173779
11.295794	4.504225	12.300277	5.220225
11.251697	4.539828	12.249860	5.266173
11.207123	4.574846	12.198885	5.311439
11.162080	4.609270	12.147466	5.355971
11.116578	4.643091	12.095493	5.399865
11.070627	4.676301	12.042975	5.443113
11.024235	4.708890	11.989921	5.485708
10.977413	4.740850	11.936336	5.527643
10.930169	4.772171	11.882226	5.568914
10.882513	4.802846	11.827508	5.609579
10.834455	4.832865	11.768283	5.652380
10.786004	4.862220	11.703399	5.694991
10.737168	4.890901	11.640407	5.732338
10.687959	4.918900	11.581166	5.766261
10.638384	4.946208	11.521703	5.799315
10.588454	4.972816	11.461987	5.831515
10.538178	4.998716	11.393732	5.867469
10.487565	5.023899	11.317829	5.903469
10.436625	5.048355	11.245927	5.934125
10.385367	5.072077	11.179573	5.960428
10.333800	5.095064	11.115586	5.984625
10.281935	5.117327	11.051796	6.007779
10.229779	5.138872	10.987766	6.030074
10.177343	5.159708	10.923466	6.051518
10.124637	5.179845	10.858901	6.072103
10.071668	5.199291	10.794090	6.091818
10.018448	5.218053	10.729069	6.110648
9.964985	5.236142	10.663891	6.128580
9.911289	5.253565	10.598511	6.145637
9.857369	5.270331	10.532936	6.161802
9.803234	5.286449	10.467362	6.177033
9.748894	5.301928	10.401823	6.191363
9.694359	5.316775	10.336238	6.204828
9.639637	5.330999	10.270614	6.217439
9.584739	5.344610	10.204964	6.229208
9.529673	5.357615	10.139300	6.240144
9.474449	5.370023	10.073634	6.250259
9.419076	5.381843	10.007979	6.259564
9.363564	5.393083	9.942345	6.268071
9.307922	5.403744	9.876743	6.275792
9.252159	5.413821	9.811183	6.282740
9.196283	5.423311	9.745675	6.288928
9.140304	5.432208	9.680228	6.294368
9.084230	5.440508	9.614850	6.299073
9.028070	5.448207	9.549546	6.303058
8.971834	5.455300	9.484310	6.306335
8.915529	5.461783	9.419118	6.308915
8.859165	5.467651	9.353948	6.310802
8.802751	5.472899	9.288797	6.311997
8.746296	5.477507	9.223669	6.312497
8.689808	5.481445	9.158569	6.312300
8.633296	5.484682	9.093506	6.311405
8.576770	5.487187	9.028484	6.309809
8.520238	5.488929	8.963511	6.307509
8.463708	5.489877	8.898591	6.304504
8.407191	5.490002	8.833710	6.300787
8.350695	5.489272	8.768823	6.296347
8.294228	5.487656	8.703886	6.291156
8.237799	5.485126	8.638889	6.285183
8.181418	5.481681	8.573842	6.278391
8.125093	5.477337	8.508763	6.270748
8.068834	5.472113	8.443672	6.262219
8.012648	5.466025	8.378590	6.252771
7.956546	5.459091	8.313539	6.242370
7.900535	5.451329	8.248544	6.230983
7.844624	5.442756	8.183647	6.218582
7.788824	5.433389	8.118946	6.205153
7.733142	5.423247	8.054553	6.190715
7.677587	5.412346	7.990471	6.175280
7.622168	5.400703	7.926796	6.158865
7.566894	5.388337	7.863595	6.141533
7.511774	5.375265	7.800808	6.123295
7.456817	5.361505	7.738438	6.104170
7.402032	5.347073	7.676491	6.084183
7.347427	5.331987	7.614973	6.063356
7.293012	5.316266	7.553883	6.041709
7.238795	5.299925	7.494002	6.019533
7.184785	5.282981	7.438719	5.998844
7.130997	5.265422	7.381687	5.980988
7.077445	5.247226	7.320569	5.960960
7.024147	5.228365	7.259758	5.940176
6.971117	5.208817	7.199276	5.918659
6.918372	5.188555	7.139124	5.896429
6.865927	5.167555	7.079275	5.873493
6.813799	5.145792	7.021066	5.850380
6.762004	5.123241	6.972965	5.831091
6.710557	5.099878	6.921869	5.814297
6.659475	5.075676	6.861000	5.793272
6.608791	5.050613	6.800393	5.771463
6.558543	5.024662	6.739948	5.748801
6.508771	4.997798	6.679689	5.725255
6.459516	4.969998	6.619642	5.700798
6.410815	4.941235	6.559834	5.675404
6.362708	4.911486	6.500294	5.649048
6.315236	4.880725	6.441047	5.621702
6.268437	4.848927	6.382110	5.593333
6.222351	4.816067	6.323502	5.563904
6.177017	4.782125	6.265254	5.533380
6.132465	4.747109	6.207406	5.501727
6.088724	4.711045	6.149970	5.468898
6.045822	4.673957	6.092970	5.434833
6.003786	4.635869	6.036532	5.399531
5.962644	4.596808	5.980724	5.363007
5.922425	4.556797	5.925559	5.325214
5.883154	4.515861	5.871109	5.286146
5.844862	4.474026	5.817473	5.245833
5.807574	4.431315	5.764739	5.204327
5.771319	4.387754	5.712949	5.161665
5.736126	4.343368	5.662126	5.117870
5.702021	4.298181	5.612291	5.072962
5.669032	4.252218	5.563464	5.026960
5.637187	4.205504	5.515665	4.979882
5.606514	4.158064	5.468917	4.931747
5.577042	4.109922	5.423241	4.882572
5.548796	4.061103	5.378660	4.832374
5.521806	4.011633	5.335197	4.781171
5.496094	3.961536	5.292879	4.728980
5.471646	3.910841	5.251729	4.675819
5.448430	3.859578	5.211774	4.621704
5.426415	3.807776	5.173042	4.566653
5.405570	3.755466	5.135561	4.510685
5.385862	3.702677	5.099360	4.453819
5.367260	3.649440	5.064466	4.396069
5.349733	3.595784	5.030825	4.337299
5.333249	3.541740	4.998643	4.277666
5.317777	3.487337	4.968001	4.217484
5.303284	3.432605	4.938844	4.156733
5.289740	3.377574	4.911156	4.095482
5.277113	3.322274	4.884911	4.033788
5.265370	3.266736	4.860080	3.971704
5.254482	3.210988	4.836630	3.909279
5.244416	3.155062	4.814525	3.846559
5.235140	3.098986	4.793730	3.783590
5.226623	3.042791	4.774204	3.720410
5.218833	2.986507	4.755909	3.657057
5.211740	2.930163	4.738803	3.593565
5.205312	2.873788	4.722846	3.529967
5.199525	2.817389	4.707994	3.466290
5.194361	2.760969	4.694206	3.402560
5.189797	2.704530	4.681440	3.338800
5.185814	2.648074	4.669655	3.275033
5.182390	2.591602	4.658809	3.211276
5.179506	2.535118	4.648861	3.147547
5.177141	2.478622	4.639772	3.083861
5.175274	2.422117	4.631500	3.020228
5.173884	2.365605	4.624008	2.956642
5.172952	2.309088	4.617261	2.893090
5.172456	2.252567	4.611234	2.829567
5.172376	2.196045	4.605905	2.766080
5.172692	2.139523	4.601250	2.702641
5.173383	2.083004	4.597246	2.639260
5.174427	2.026490	4.593869	2.575946
5.175806	1.969982	4.591096	2.512707
5.177498	1.913483	4.588901	2.449552
5.179483	1.856994	4.587261	2.386487
5.181742	1.800518	4.586149	2.323518
5.184270	1.744054	4.585543	2.260650
5.187065	1.687605	4.585416	2.197889
5.190125	1.631169	4.585743	2.135239
5.193449	1.574747	4.586500	2.072703
5.197035	1.518340	4.587661	2.010277
5.200882	1.461949	4.589205	1.947946
5.204988	1.405573	4.591113	1.885745
5.209350	1.349213	4.593350	1.823681
5.213969	1.292870	4.595897	1.761686
5.218841	1.236544	4.598752	1.699722
5.223966	1.180235	4.601911	1.637782
5.229342	1.123944	4.605373	1.575866
5.234966	1.067672	4.609136	1.513978
5.240839	1.011418	4.613198	1.452117
5.246957	0.955183	4.617556	1.390285
5.253319	0.898968	4.622209	1.328484
5.259925	0.842773	4.627155	1.266715
5.266771	0.786598	4.632391	1.204979
5.273857	0.730445	4.637916	1.143277
5.281179	0.674312	4.643727	1.081610
5.288731	0.618201	4.649822	1.019980
5.296502	0.562113	4.656199	0.958388
5.304483	0.506047	4.662855	0.896835
5.312665	0.450004	4.669790	0.835321
5.321039	0.393985	4.677000	0.773849
5.329595	0.337990	4.684485	0.712403
5.338324	0.282019	4.692249	0.650992
5.347218	0.226073	4.700281	0.589664
5.356265	0.170152	4.708563	0.528431
5.365458	0.114257	4.717085	0.467284
5.374787	0.058387	4.725836	0.406220
5.384242	0.002545	4.734806	0.345241
5.393815	-0.053271	4.743981	0.284343
5.403496	-0.109059	4.753353	0.223528
5.413275	-0.164819	4.762908	0.162793
5.423144	-0.220552	4.772638	0.102138
5.433093	-0.276255	4.782529	0.041561
5.443113	-0.331929	4.792573	-0.018939
5.453196	-0.387574	4.802757	-0.079363
5.463342	-0.443191	4.813070	-0.139713
5.473553	-0.498783	4.823503	-0.199991
5.483830	-0.554351	4.834044	-0.260198
5.494175	-0.609897	4.844682	-0.320337
5.504589	-0.665423	4.855409	-0.380416
5.515074	-0.720932	4.866215	-0.440429
5.525632	-0.776424	4.877092	-0.500400
5.536264	-0.831902	4.888045	-0.560360
5.546972	-0.887368	4.899076	-0.620313
5.557756	-0.942824	4.910187	-0.680258
5.568620	-0.998272	4.921379	-0.740196
5.579564	-1.053714	4.932654	-0.800125
5.590591	-1.109152	4.944013	-0.860046
5.601701	-1.164587	4.955458	-0.919957
5.612896	-1.220021	4.966989	-0.979859
5.624178	-1.275458	4.978609	-1.039750
5.635548	-1.330898	4.990319	-1.099631
5.647009	-1.386343	5.002120	-1.159501
5.658561	-1.441796	5.014013	-1.219361
5.670197	-1.497258	5.026003	-1.279220
5.681881	-1.552731	5.038093	-1.339064
5.693568	-1.608218	5.050276	-1.398884
5.705214	-1.663720	5.062557	-1.458690
5.716777	-1.719239	5.074936	-1.518476
5.728213	-1.774777	5.087400	-1.578190
5.739478	-1.830337	5.099907	-1.637733
5.750528	-1.885919	5.112396	-1.697037
5.761320	-1.941526	5.124814	-1.756100
5.771810	-1.997160	5.137109	-1.814928
5.781965	-2.052824	5.149230	-1.873530
5.791784	-2.108517	5.161127	-1.931913
5.801274	-2.164244	5.172747	-1.990076
5.810441	-2.220005	5.184022	-2.047957
5.819293	-2.275803	5.194894	-2.105668
5.827834	-2.331640	5.205387	-2.163406
5.836073	-2.387517	5.215508	-2.221223
5.844015	-2.443437	5.225267	-2.279138
5.851667	-2.499401	5.234671	-2.337148
5.859039	-2.555411	5.243727	-2.395252
5.866148	-2.611463	5.252441	-2.453447
5.873013	-2.667556	5.260820	-2.511731
5.879655	-2.723685	5.268868	-2.570069
5.886093	-2.779848	5.276585	-2.628511
5.892347	-2.836042	5.284012	-2.687154
5.898435	-2.892264	5.291182	-2.745981
5.904377	-2.948511	5.298115	-2.804959
5.910193	-3.004780	5.304833	-2.864084
5.915902	-3.061067	5.311362	-2.923353
5.921524	-3.117371	5.317723	-2.982762
5.927079	-3.173687	5.323940	-3.042305
5.932585	-3.230013	5.330038	-3.101981
5.938062	-3.286347	5.336039	-3.161786
5.943530	-3.342683	5.341967	-3.221714
5.949008	-3.399021	5.347845	-3.281766
5.954516	-3.455357	5.353699	-3.341947
5.960073	-3.511687	5.359555	-3.402250
5.965699	-3.568009	5.365435	-3.462666
5.971413	-3.624320	5.371363	-3.523193
5.977234	-3.680617	5.377364	-3.583826
5.983183	-3.736896	5.383460	-3.644564
5.989278	-3.793156	5.389675	-3.705404
5.995540	-3.849392	5.396033	-3.766341
6.001987	-3.905602	5.402559	-3.827374
6.008639	-3.961782	5.409275	-3.888499
6.015515	-4.017931	5.416205	-3.949712
6.022636	-4.074044	5.423374	-4.011009
6.030021	-4.130119	5.430805	-4.072386
6.037688	-4.186152	5.438521	-4.133838
6.045658	-4.242141	5.446547	-4.195361
6.053950	-4.298083	5.454911	-4.256979
6.062584	-4.353975	5.463645	-4.318663
6.071578	-4.409813	5.472759	-4.380373
6.080953	-4.465595	5.482277	-4.442125
6.090729	-4.521318	5.492224	-4.503917
6.100923	-4.576979	5.502622	-4.565741
6.111557	-4.632574	5.513493	-4.627588
6.122649	-4.688100	5.524861	-4.689451
6.134219	-4.743552	5.536748	-4.751321
6.146289	-4.798912	5.549177	-4.813192
6.158878	-4.854166	5.562174	-4.875062
6.172008	-4.909294	5.575764	-4.936926
6.185700	-4.964282	5.589977	-4.998776
6.199974	-5.019112	5.604838	-5.060600
6.214851	-5.073768	5.620375	-5.122384
6.230352	-5.128232	5.636614	-5.184116
6.246498	-5.182488	5.653584	-5.245781
6.263310	-5.236520	5.671310	-5.307363
6.280808	-5.290309	5.689819	-5.368846
6.299013	-5.343841	5.709139	-5.430211
6.317947	-5.397098	5.729295	-5.491439
6.337630	-5.450062	5.750314	-5.552510
6.358082	-5.502718	5.772221	-5.613402
6.379326	-5.555049	5.795040	-5.674091
6.401380	-5.607038	5.818797	-5.734554
6.424267	-5.658668	5.843514	-5.794764
6.448007	-5.709922	5.869214	-5.854693
6.472621	-5.760784	5.895917	-5.914313
6.498120	-5.811237	5.923640	-5.973587
6.524495	-5.861265	5.952384	-6.032458
6.551737	-5.910849	5.982133	-6.090860
6.579834	-5.959975	6.012866	-6.148749
6.608778	-6.008624	6.044569	-6.206103
6.638556	-6.056780	6.077231	-6.262906
6.669160	-6.104427	6.110842	-6.319147
6.700578	-6.151548	6.145393	-6.374812
6.732801	-6.198125	6.180876	-6.429886
6.765817	-6.244143	6.217281	-6.484356
6.799618	-6.289584	6.254599	-6.538209
6.834191	-6.334432	6.292823	-6.591430
6.869528	-6.378669	6.331944	-6.644005
6.905618	-6.422280	6.371954	-6.695919
6.942450	-6.465248	6.412846	-6.747157
6.980014	-6.507554	6.454610	-6.797705
7.018300	-6.549184	6.497240	-6.847546
7.057298	-6.590120	6.540729	-6.896665
7.096996	-6.630346	6.585067	-6.945045
7.137382	-6.669853	6.630246	-6.992669
7.178434	-6.708650	6.676245	-7.039506
7.220132	-6.746746	6.723016	-7.085515
7.262454	-6.784152	6.770505	-7.130665
7.305380	-6.820875	6.818672	-7.174951
7.348888	-6.856926	6.867483	-7.218378
7.392958	-6.892315	6.916907	-7.260950
7.437567	-6.927051	6.966917	-7.302678
7.482695	-6.961143	7.017481	-7.343569
7.528322	-6.994602	7.068573	-7.383635
7.574425	-7.027435	7.120164	-7.422887
7.620984	-7.059654	7.172230	-7.461336
7.667978	-7.091268	7.224745	-7.498996
7.715386	-7.122286	7.277685	-7.535880
7.763186	-7.152717	7.331026	-7.572003
7.811357	-7.182572	7.384747	-7.607378
7.859879	-7.211859	7.438826	-7.642022
7.908730	-7.240589	7.493243	-7.675948
7.957889	-7.268771	7.547979	-7.709174
8.007335	-7.296414	7.603015	-7.741714
8.057055	-7.323522	7.658336	-7.773586
8.107043	-7.350090	7.713941	-7.804813
8.157298	-7.376114	7.769855	-7.835424
8.207816	-7.401587	7.826102	-7.865434
8.258594	-7.426505	7.882689	-7.894841
8.309629	-7.450861	7.939610	-7.923638
8.360918	-7.474651	7.996863	-7.951817
8.412459	-7.497869	8.054442	-7.979370
8.464247	-7.520509	8.112342	-8.006289
8.516281	-7.542566	8.170557	-8.032567
8.568558	-7.564036	8.229084	-8.058196
8.621073	-7.584911	8.287915	-8.083169
8.673825	-7.605188	8.347045	-8.107477
8.726810	-7.624859	8.406469	-8.131113
8.780025	-7.643922	8.466179	-8.154069
8.833468	-7.662368	8.526170	-8.176338
8.887134	-7.680194	8.586434	-8.197912
8.941023	-7.697394	8.646965	-8.218785
8.995129	-7.713962	8.707755	-8.238948
9.049449	-7.729882	8.768805	-8.258397
9.103973	-7.745122	8.830134	-8.277130
9.158693	-7.759652	8.891778	-8.295139
9.213601	-7.773440	8.953517	-8.312334
9.268688	-7.786454	9.012966	-8.328279
9.323946	-7.798663	9.069504	-8.344889
9.379366	-7.810035	9.126323	-8.361966
9.434939	-7.820539	9.186255	-8.380070
9.490658	-7.830143	9.248994	-8.397935
9.546514	-7.838815	9.312133	-8.414860
9.602497	-7.846524	9.375706	-8.430817
9.658600	-7.853238	9.439708	-8.445769
9.714814	-7.858926	9.504129	-8.459676
9.771131	-7.863557	9.568957	-8.472500
9.827542	-7.867098	9.634180	-8.484202
9.884039	-7.869517	9.699781	-8.494744
9.940613	-7.870785	9.765741	-8.504090
9.997255	-7.870868	9.832040	-8.512201
10.053957	-7.869736	9.898654	-8.519043
10.110710	-7.867355	9.965560	-8.524581
10.167464	-7.863653	10.032752	-8.528783
10.224125	-7.858513	10.100278	-8.531608
10.280595	-7.851813	10.168267	-8.532990
10.336777	-7.843434	10.237058	-8.532809
10.392574	-7.833255	10.306662	-8.530821
10.447888	-7.821156	10.376665	-8.526892
10.502621	-7.807015	10.446988	-8.520945
10.556678	-7.790712	10.517674	-8.512838
10.609959	-7.772127	10.588618	-8.502445
10.662369	-7.751143	10.659696	-8.489657
10.713799	-7.727730	10.730809	-8.474365
10.764133	-7.701957	10.802395	-8.456315
10.813254	-7.673899	10.874551	-8.435053
10.861046	-7.643630	10.945495	-8.410848
10.907390	-7.611223	11.014675	-8.384327
10.952170	-7.576752	11.082829	-8.355254
10.995268	-7.540292	11.149952	-8.323631
11.036567	-7.501917	11.216600	-8.289127
11.075954	-7.461702	11.282605	-8.251421
11.113402	-7.419747	11.346445	-8.211315
11.148973	-7.376178	11.408075	-8.169314
11.182730	-7.331123	11.468154	-8.125000
11.214739	-7.284710	11.526701	-8.078340
11.245064	-7.237065	11.584606	-8.028459
11.273769	-7.188315	11.640300	-7.975947
11.300919	-7.138589	11.692691	-7.922656
11.326579	-7.088012	11.742712	-7.868068
11.350814	-7.036714	11.790638	-7.812033
11.373687	-6.984818	11.836485	-7.754672
11.395263	-6.932408	11.880529	-7.695754
11.415608	-6.879527	11.922481	-7.635522
11.434785	-6.826218	11.961926	-7.574964
11.452859	-6.772520	11.999210	-7.514131
11.469895	-6.718477	12.034660	-7.452725
11.485957	-6.664129	12.068352	-7.390828
11.501110	-6.609518	12.100368	-7.328509
11.515419	-6.554685	12.130790	-7.265814
11.528948	-6.499673	12.159686	-7.202795
11.541760	-6.444521	12.187118	-7.139519
11.553901	-6.389253	12.213145	-7.076059
11.565397	-6.333874	12.237831	-7.012481
11.576277	-6.278390	12.261286	-6.948728
11.586567	-6.222806	12.283473	-6.885029
11.596293	-6.167129	12.304487	-6.821584
11.605484	-6.111364	12.324462	-6.758256
11.614166	-6.055517	12.343486	-6.695050
11.622365	-5.999592	12.361647	-6.631907
11.630109	-5.943596	12.379014	-6.568759
11.637426	-5.887535	12.395626	-6.505594
11.644341	-5.831413	12.411515	-6.442430
11.650882	-5.775237	12.426711	-6.379287
11.657076	-5.719012	12.441247	-6.316185
11.662949	-5.662743	12.455154	-6.253141
11.668529	-5.606437	12.468467	-6.190174
11.673844	-5.550098	12.481217	-6.127299
11.678918	-5.493733	12.493440	-6.064532
11.683781	-5.437347	12.505169	-6.001887
11.688458	-5.380945	12.516440	-5.939377
11.692967	-5.324531	12.527286	-5.877015
11.697322	-5.268106	12.537742	-5.814810
11.701533	-5.211670	12.547846	-5.752751
11.705613	-5.155224	12.557623	-5.690869
11.709575	-5.098770	12.567108	-5.629211
11.713429	-5.042309	12.576343	-5.567760
11.717189	-4.985841	12.585365	-5.506490
11.720866	-4.929368	12.594209	-5.445356
11.724473	-4.872890	12.602899	-5.384322
11.728021	-4.816409	12.611454	-5.323383
11.731522	-4.759926	12.619888	-5.262544
11.734989	-4.703442	12.628218	-5.201809
11.738433	-4.646957	12.636461	-5.141182
11.741867	-4.590473	12.644633	-5.080667
11.745303	-4.533990	12.652750	-5.020268
11.748752	-4.477510	12.660829	-4.959989
11.752227	-4.421034	12.668886	-4.899834
11.755741	-4.364563	12.676937	-4.839807
11.759304	-4.308098	12.685000	-4.779912
11.762929	-4.251639	12.693088	-4.720160
11.766628	-4.195188	12.701220	-4.660560
11.770413	-4.138746	12.709414	-4.601110
11.774296	-4.082314	12.717687	-4.541806
11.778290	-4.025893	12.726053	-4.482658
11.782406	-3.969483	12.734530	-4.423669
11.786656	-3.913087	12.743134	-4.364846
11.791053	-3.856704	12.751880	-4.306193
11.795608	-3.800336	12.760785	-4.247715
11.800333	-3.743984	12.769864	-4.189419
11.805242	-3.687649	12.779134	-4.131309
11.810344	-3.631332	12.788608	-4.073408
11.815654	-3.575034	12.798295	-4.015782
11.821182	-3.518756	12.808237	-3.958358
11.826942	-3.462499	12.818444	-3.901083
11.832944	-3.406264	12.828920	-3.844031
11.839201	-3.350053	12.839682	-3.787205
11.845725	-3.293865	12.850744	-3.730613
11.852528	-3.237702	12.862121	-3.674262
11.859623	-3.181565	12.873826	-3.618162
11.867031	-3.125461	12.885857	-3.562407
11.874777	-3.069396	12.898242	-3.507026
11.882888	-3.013378	12.911031	-3.451865
11.891390	-2.957416	12.924212	-3.396969
11.900308	-2.901518	12.937773	-3.342521
11.909669	-2.845690	12.951730	-3.288576
11.919498	-2.789941	12.966109	-3.235165
11.929821	-2.734279	12.980879	-3.182526
11.940664	-2.678712	12.996111	-3.130660
11.952053	-2.623247	13.011921	-3.079211
11.964014	-2.567901	13.028290	-3.028242
11.976573	-2.512691	13.045197	-2.977935
11.989755	-2.457637	13.062591	-2.928519
12.003588	-2.402756	13.080428	-2.880307
12.018096	-2.348069	13.098983	-2.832702
12.033305	-2.293593	13.118277	-2.785490
12.049242	-2.239347	13.138614	-2.738061
12.065932	-2.185350	13.164606	-2.678351
12.083395	-2.131618	13.192770	-2.602034
12.101593	-2.078140	13.214268	-2.534470
12.120457	-2.024893	13.230424	-2.486044
12.139918	-1.971851	13.247615	-2.437042
12.159907	-1.918990	13.265864	-2.387176
12.180355	-1.866286	13.284982	-2.336741
12.201192	-1.813715	13.305071	-2.285400
12.222350	-1.761251	13.326086	-2.232862
12.243759	-1.708871	13.347789	-2.179498
12.265351	-1.656551	13.370078	-2.125334
12.287056	-1.604265	13.392863	-2.070367
12.308806	-1.551990	13.416051	-2.014591
12.330531	-1.499701	13.439695	-1.957643
12.352161	-1.447373	13.463200	-1.900524
12.379455	-1.383011	13.497385	-1.817234
