Rin m		Zin m		Rout m		Zout m
12.682214	-0.973563	13.819465	-1.351811
12.702524	-0.910487	13.845486	-1.275793
12.722162	-0.847235	13.869928	-1.197266
12.741129	-0.783809	13.891958	-1.123668
12.759423	-0.720208	13.913195	-1.049988
12.777046	-0.656433	13.933690	-0.976034
12.793995	-0.592486	13.953410	-0.901887
12.810271	-0.528365	13.972358	-0.827595
12.825873	-0.464072	13.990545	-0.753112
12.840801	-0.399607	14.007969	-0.678448
12.855055	-0.334971	14.024628	-0.603610
12.868633	-0.270164	14.040521	-0.528610
12.881536	-0.205187	14.055647	-0.453455
12.893762	-0.140040	14.070003	-0.378157
12.905312	-0.074723	14.083590	-0.302720
12.916186	-0.009238	14.096416	-0.227096
12.926361	0.056411	14.108501	-0.151071
12.935756	0.122206	14.119816	-0.074402
12.944280	0.188126	14.130283	0.003004
12.951840	0.254151	14.139807	0.081151
12.958343	0.320261	14.148287	0.160019
12.963698	0.386435	14.155625	0.239581
12.967813	0.452653	14.161725	0.319804
12.970594	0.518895	14.166492	0.400651
12.971949	0.585139	14.169836	0.482099
12.971787	0.651366	14.171676	0.564697
12.970051	0.717555	14.171740	0.648101
12.966787	0.783686	14.170030	0.731053
12.962060	0.849739	14.166678	0.813401
12.955933	0.915692	14.161736	0.895355
12.948471	0.981526	14.155261	0.976877
12.939738	1.047221	14.147315	1.057928
12.929799	1.112755	14.137961	1.138475
12.918719	1.178108	14.127263	1.218493
12.906560	1.243261	14.115285	1.297960
12.893374	1.308194	14.102063	1.377027
12.879173	1.372895	14.087619	1.455645
12.863964	1.437352	14.072055	1.533618
12.847754	1.501553	14.055403	1.611129
12.830550	1.565485	14.037632	1.688360
12.812357	1.629136	14.018748	1.765304
12.793183	1.692495	13.998757	1.841947
12.773034	1.755550	13.977667	1.918275
12.751918	1.818288	13.955484	1.994273
12.729840	1.880697	13.932217	2.069926
12.706808	1.942766	13.907872	2.145220
12.682828	2.004481	13.882457	2.220142
12.657907	2.065832	13.855980	2.294678
12.632051	2.126806	13.828448	2.368814
12.605267	2.187391	13.799869	2.442537
12.577563	2.247575	13.770248	2.515839
12.548943	2.307346	13.739502	2.588918
12.519416	2.366692	13.707654	2.661559
12.488989	2.425601	13.674872	2.733510
12.457668	2.484060	13.641105	2.804932
12.425466	2.542059	13.606339	2.875861
12.392396	2.599583	13.570584	2.946281
12.358469	2.656623	13.533852	3.016172
12.323698	2.713165	13.496160	3.085513
12.288095	2.769198	13.457522	3.154291
12.251671	2.824709	13.417949	3.222494
12.214441	2.879686	13.377454	3.290115
12.176414	2.934118	13.336047	3.357145
12.137604	2.987992	13.293739	3.423575
12.098023	3.041296	13.250540	3.489398
12.057684	3.094019	13.206462	3.554604
12.016597	3.146148	13.161514	3.619187
11.974776	3.197670	13.115702	3.683142
11.932233	3.248575	13.068928	3.746606
11.888979	3.298850	13.021241	3.809431
11.845028	3.348483	12.972823	3.871440
11.800391	3.397461	12.923617	3.932739
11.755081	3.445779	12.873598	3.993364
11.709112	3.493438	12.822773	4.053307
11.662499	3.540443	12.771150	4.112560
11.615255	3.586796	12.718743	4.171109
11.567396	3.632502	12.665575	4.228929
11.518934	3.677564	12.611683	4.285993
11.469885	3.721986	12.557094	4.342286
11.420262	3.765772	12.501833	4.397803
11.370080	3.808925	12.445920	4.452540
11.319354	3.851449	12.389374	4.506500
11.268096	3.893348	12.332215	4.559680
11.216322	3.934624	12.274460	4.612084
11.164045	3.975283	12.216130	4.663712
11.111280	4.015327	12.157242	4.714566
11.058042	4.054760	12.097814	4.764650
11.004343	4.093586	12.037862	4.813967
10.950200	4.131809	11.977364	4.862553
10.895625	4.169431	11.916313	4.910412
10.840633	4.206458	11.854825	4.957462
10.785237	4.242892	11.792949	5.003714
10.729448	4.278737	11.730635	5.049222
10.673279	4.313997	11.667897	5.093993
10.616741	4.348675	11.604749	5.138032
10.559844	4.382775	11.541205	5.181345
10.502601	4.416302	11.477275	5.223942
10.445024	4.449257	11.412968	5.265829
10.387122	4.481646	11.348297	5.307013
10.328909	4.513471	11.283271	5.347498
10.270395	4.544737	11.217904	5.387291
10.211592	4.575447	11.152206	5.426397
10.152511	4.605604	11.086026	5.464914
10.093163	4.635213	11.011764	5.507016
10.033561	4.664277	10.934466	5.544084
9.973716	4.692800	10.864679	5.576219
9.913639	4.720784	10.795273	5.607361
9.853341	4.748235	10.725699	5.637792
9.792835	4.775156	10.655802	5.667600
9.732130	4.801550	10.580125	5.699146
9.671239	4.827448	10.494078	5.732270
9.610169	4.852911	10.409745	5.760211
9.548930	4.878005	10.335149	5.783217
9.487531	4.902795	10.262621	5.804758
9.425979	4.927346	10.190158	5.825564
9.364285	4.951678	10.117652	5.845681
9.302456	4.975763	10.045235	5.865095
9.240502	4.999567	9.973074	5.883810
9.178431	5.023057	9.901272	5.901872
9.116253	5.046198	9.829873	5.919349
9.053959	5.068939	9.758819	5.936337
8.991528	5.091202	9.687892	5.952949
8.928934	5.112913	9.616852	5.969252
8.866152	5.133993	9.545595	5.985251
8.803158	5.154365	9.474092	6.000921
8.739926	5.173952	9.402282	6.016247
8.676432	5.192678	9.330029	6.031208
8.612652	5.210465	9.257211	6.045755
8.548560	5.227238	9.183781	6.059801
8.484157	5.242940	9.109743	6.073252
8.419466	5.257538	9.035112	6.086007
8.354511	5.271000	8.959902	6.097971
8.289319	5.283295	8.884132	6.109048
8.223913	5.294390	8.807827	6.119140
8.158319	5.304253	8.731049	6.128152
8.092563	5.312853	8.653916	6.135992
8.026668	5.320156	8.576557	6.142597
7.960661	5.326132	8.499047	6.147932
7.894566	5.330749	8.421250	6.151981
7.828407	5.333973	8.343279	6.154647
7.762212	5.335774	8.265367	6.155924
7.696003	5.336118	8.187444	6.155808
7.629807	5.334975	8.109485	6.154274
7.563647	5.332312	8.031515	6.151291
7.497551	5.328097	7.953563	6.146828
7.431541	5.322299	7.875659	6.140854
7.365645	5.314885	7.797840	6.133338
7.299903	5.305838	7.720143	6.124251
7.234373	5.295153	7.642609	6.113566
7.169109	5.282825	7.565278	6.101256
7.104170	5.268851	7.488194	6.087296
7.039613	5.253225	7.411401	6.071662
6.975493	5.235943	7.334947	6.054331
6.911869	5.217000	7.258890	6.035283
6.848796	5.196393	7.183236	6.014494
6.786331	5.174117	7.107942	5.991897
6.724532	5.150167	7.033348	5.967506
6.663455	5.124539	6.959604	5.941462
6.603157	5.097228	6.886559	5.913716
6.543694	5.068230	6.814241	5.884264
6.485125	5.037540	6.742693	5.853109
6.427505	5.005155	6.671960	5.820249
6.370891	4.971069	6.602588	5.785925
6.315340	4.935278	6.537728	5.752360
6.260909	4.897778	6.471132	5.720982
6.207653	4.858566	6.401403	5.685935
6.155617	4.817673	6.332468	5.649018
6.104834	4.775158	6.264427	5.610240
6.055337	4.731079	6.197342	5.569596
6.007160	4.685494	6.131279	5.527077
5.960335	4.638461	6.066265	5.482650
5.914896	4.590039	6.003090	5.436800
5.870876	4.540286	5.948204	5.394943
5.828308	4.489261	5.890943	5.354323
5.787226	4.437023	5.827781	5.306501
5.747662	4.383628	5.766193	5.256985
5.709627	4.329142	5.706132	5.205786
5.673119	4.273627	5.647616	5.152959
5.638134	4.217152	5.590667	5.098561
5.604668	4.159780	5.535310	5.042648
5.572719	4.101577	5.481565	4.985272
5.542283	4.042610	5.429452	4.926486
5.513357	3.982942	5.378995	4.866338
5.485936	3.922642	5.330216	4.804881
5.460016	3.861771	5.283149	4.742184
5.435566	3.800373	5.237827	4.678331
5.412534	3.738477	5.194267	4.613411
5.390869	3.676111	5.152469	4.547495
5.370522	3.613303	5.112422	4.480647
5.351441	3.550081	5.074118	4.412924
5.333576	3.486472	5.037542	4.344381
5.316875	3.422506	5.002684	4.275067
5.301288	3.358209	4.969520	4.205008
5.286764	3.293611	4.938031	4.134196
5.273252	3.228739	4.908301	4.062818
5.260701	3.163621	4.880288	3.991060
5.249061	3.098285	4.853918	3.918904
5.238280	3.032760	4.829142	3.846411
5.228309	2.967073	4.805913	3.773639
5.219095	2.901253	4.784176	3.700642
5.210589	2.835327	4.763877	3.627471
5.202739	2.769324	4.744957	3.554172
5.195495	2.703272	4.727356	3.480786
5.188806	2.637196	4.711012	3.407352
5.182632	2.571109	4.695864	3.333904
5.176935	2.505009	4.681848	3.260473
5.171679	2.438898	4.668902	3.187088
5.166828	2.372775	4.656961	3.113771
5.162345	2.306643	4.645963	3.040546
5.158194	2.240500	4.635845	2.967432
5.154338	2.174348	4.626544	2.894446
5.150741	2.108188	4.617998	2.821603
5.147370	2.042018	4.610144	2.748908
5.144224	1.975841	4.602923	2.676349
5.141321	1.909656	4.596282	2.603877
5.138678	1.843465	4.590195	2.531520
5.136312	1.777267	4.584608	2.459323
5.134242	1.711063	4.579474	2.387263
5.132485	1.644854	4.574750	2.315345
5.131059	1.578640	4.570392	2.243574
5.129980	1.512422	4.566356	2.171947
5.129265	1.446200	4.562602	2.100420
5.128913	1.379974	4.559106	2.028896
5.128916	1.313746	4.555874	1.957297
5.129265	1.247517	4.552925	1.885603
5.129952	1.181287	4.550282	1.813814
5.130969	1.115056	4.547965	1.741931
5.132306	1.048826	4.545994	1.669954
5.133956	0.982598	4.544393	1.597886
5.135910	0.916371	4.543181	1.525739
5.138159	0.850148	4.542375	1.453549
5.140695	0.783928	4.541979	1.381365
5.143510	0.717712	4.541984	1.309217
5.146595	0.651502	4.542381	1.237109
5.149941	0.585298	4.543159	1.165044
5.153540	0.519100	4.544309	1.093024
5.157384	0.452909	4.545820	1.021027
5.161464	0.386727	4.547692	0.949075
5.165772	0.320554	4.549907	0.877196
5.170299	0.254390	4.552451	0.805375
5.175037	0.188237	4.555314	0.733607
5.179976	0.122095	4.558486	0.661892
5.185110	0.055965	4.561957	0.590231
5.190429	-0.010152	4.565715	0.518626
5.195925	-0.076256	4.569752	0.447075
5.201588	-0.142346	4.574056	0.375581
5.207412	-0.208421	4.578618	0.304143
5.213387	-0.274480	4.583427	0.232762
5.219505	-0.340523	4.588474	0.161438
5.225758	-0.406548	4.593748	0.090170
5.232136	-0.472555	4.599239	0.018960
5.238632	-0.538544	4.604937	-0.052194
5.245237	-0.604513	4.610832	-0.123292
5.251942	-0.670462	4.616915	-0.194333
5.258739	-0.736390	4.623174	-0.265319
5.265620	-0.802296	4.629601	-0.336258
5.272576	-0.868180	4.636189	-0.407147
5.279598	-0.934040	4.642927	-0.477972
5.286681	-0.999877	4.649800	-0.548735
5.293832	-1.065693	4.656800	-0.619445
5.301065	-1.131491	4.663916	-0.690103
5.308393	-1.197276	4.671138	-0.760709
5.315828	-1.263050	4.678458	-0.831265
5.323383	-1.328818	4.685863	-0.901771
5.331073	-1.394583	4.693347	-0.972233
5.338908	-1.460349	4.700903	-1.042678
5.346903	-1.526118	4.708540	-1.113147
5.355071	-1.591896	4.716272	-1.183663
5.363409	-1.657685	4.724116	-1.254229
5.371840	-1.723489	4.732086	-1.324843
5.380259	-1.789311	4.740196	-1.395501
5.388565	-1.855155	4.748462	-1.466203
5.396656	-1.921026	4.756901	-1.536963
5.404427	-1.986925	4.765533	-1.607755
5.411777	-2.052858	4.774351	-1.678483
5.418603	-2.118827	4.783302	-1.748937
5.424803	-2.184836	4.792263	-1.818926
5.430291	-2.250888	4.801104	-1.888416
5.435072	-2.316980	4.809705	-1.957412
5.439173	-2.383109	4.817945	-2.025919
5.442625	-2.449271	4.825703	-2.093939
5.445457	-2.515462	4.832860	-2.161474
5.447697	-2.581678	4.839299	-2.228560
5.449376	-2.647916	4.844937	-2.295371
5.450521	-2.714173	4.849752	-2.362187
5.451163	-2.780443	4.853784	-2.429287
5.451331	-2.846724	4.857113	-2.496691
5.451053	-2.913011	4.859767	-2.564284
5.450359	-2.979302	4.861778	-2.632059
5.449278	-3.045592	4.863180	-2.700008
5.447839	-3.111877	4.864008	-2.768126
5.446071	-3.178154	4.864295	-2.836405
5.444004	-3.244420	4.864075	-2.904836
5.441667	-3.310669	4.863380	-2.973356
5.439089	-3.376899	4.862217	-3.042044
5.436299	-3.443108	4.860655	-3.110950
5.433328	-3.509296	4.858728	-3.179999
5.430205	-3.575467	4.856471	-3.249188
5.426961	-3.641625	4.853917	-3.318517
5.423626	-3.707772	4.851101	-3.387986
5.420231	-3.773912	4.848058	-3.457598
5.416805	-3.840048	4.844822	-3.527358
5.413379	-3.906183	4.841431	-3.597264
5.409984	-3.972321	4.837920	-3.667318
5.406648	-4.038463	4.834326	-3.737521
5.403404	-4.104615	4.830685	-3.807878
5.400280	-4.170778	4.827033	-3.878393
5.397308	-4.236956	4.823412	-3.949065
5.394517	-4.303152	4.819856	-4.019889
5.391937	-4.369370	4.816401	-4.090867
5.389600	-4.435612	4.813086	-4.161999
5.387535	-4.501882	4.809945	-4.233285
5.385772	-4.568182	4.807015	-4.304726
5.384342	-4.634517	4.804332	-4.376321
5.383272	-4.700886	4.801933	-4.448069
5.382581	-4.767281	4.799853	-4.519969
5.382285	-4.833694	4.798129	-4.592015
5.382401	-4.900114	4.796795	-4.664186
5.382945	-4.966531	4.795878	-4.736454
5.383935	-5.032936	4.795398	-4.808803
5.385386	-5.099318	4.795375	-4.881229
5.387315	-5.165669	4.795828	-4.953730
5.389739	-5.231979	4.796778	-5.026302
5.392675	-5.298238	4.798244	-5.098944
5.396149	-5.364435	4.800247	-5.171651
5.400218	-5.430562	4.802807	-5.244419
5.404946	-5.496609	4.805947	-5.317266
5.410395	-5.562565	4.809702	-5.390297
5.416630	-5.628422	4.814157	-5.463557
5.423712	-5.694169	4.819372	-5.537022
5.431706	-5.759797	4.825424	-5.610701
5.440674	-5.825296	4.832388	-5.684580
5.450680	-5.890656	4.840340	-5.758635
5.461767	-5.955867	4.849354	-5.832842
5.473933	-6.020913	4.859503	-5.907167
5.487162	-6.085779	4.870851	-5.981541
5.501444	-6.150449	4.883428	-6.055815
5.516765	-6.214909	4.897215	-6.129859
5.533111	-6.279143	4.912193	-6.203627
5.550471	-6.343134	4.928345	-6.277103
5.568831	-6.406869	4.945656	-6.350271
5.588178	-6.470331	4.964108	-6.423116
5.608500	-6.533505	4.983688	-6.495626
5.629784	-6.596375	5.004379	-6.567786
5.652017	-6.658927	5.026168	-6.639585
5.675185	-6.721144	5.049038	-6.711009
5.699276	-6.783012	5.072977	-6.782048
5.724278	-6.844514	5.097971	-6.852689
5.750177	-6.905636	5.124007	-6.922921
5.776960	-6.966362	5.151072	-6.992734
5.804615	-7.026677	5.179153	-7.062116
5.833128	-7.086565	5.208239	-7.131057
5.862487	-7.146013	5.238318	-7.199547
5.892680	-7.205018	5.269380	-7.267576
5.923692	-7.263576	5.301412	-7.335129
5.955511	-7.321684	5.334399	-7.402191
5.988125	-7.379337	5.368324	-7.468745
6.021520	-7.436532	5.403168	-7.534779
6.055683	-7.493266	5.438915	-7.600286
6.090603	-7.549536	5.475549	-7.665257
6.126265	-7.605337	5.513053	-7.729685
6.162657	-7.660667	5.551410	-7.793564
6.199766	-7.715521	5.590605	-7.856888
6.237579	-7.769896	5.630621	-7.919650
6.276083	-7.823790	5.671443	-7.981846
6.315266	-7.877197	5.713054	-8.043471
6.355114	-7.930115	5.755440	-8.104521
6.395615	-7.982541	5.798584	-8.164992
6.436756	-8.034469	5.842471	-8.224879
6.478524	-8.085899	5.887087	-8.284181
6.520907	-8.136825	5.932418	-8.342894
6.563895	-8.187244	5.978448	-8.401016
6.607480	-8.237155	6.025166	-8.458545
6.651651	-8.286555	6.072560	-8.515482
6.696400	-8.335440	6.120621	-8.571826
6.741716	-8.383807	6.169336	-8.627573
6.787591	-8.431654	6.218696	-8.682720
6.834015	-8.478978	6.268687	-8.737264
6.880979	-8.525777	6.319299	-8.791201
6.928473	-8.572046	6.370521	-8.844530
6.976488	-8.617784	6.422342	-8.897246
7.025015	-8.662988	6.474750	-8.949348
7.074044	-8.707654	6.527736	-9.000832
7.123565	-8.751781	6.581289	-9.051698
7.173570	-8.795364	6.635398	-9.101941
7.224049	-8.838402	6.690054	-9.151561
7.274992	-8.880891	6.745246	-9.200556
7.326390	-8.922829	6.800965	-9.248923
7.378235	-8.964213	6.857201	-9.296660
7.430518	-9.005035	6.913945	-9.343767
7.483238	-9.045283	6.971191	-9.390243
7.536393	-9.084943	7.028942	-9.436094
7.589982	-9.124001	7.087213	-9.481327
7.644003	-9.162442	7.146014	-9.525937
7.698453	-9.200253	7.205348	-9.569909
7.753331	-9.237421	7.265215	-9.613231
7.808636	-9.273930	7.325615	-9.655885
7.864366	-9.309767	7.386549	-9.697857
7.920518	-9.344919	7.448015	-9.739130
7.977092	-9.379371	7.510013	-9.779687
8.034085	-9.413109	7.572540	-9.819512
8.091496	-9.446119	7.635595	-9.858587
8.149322	-9.478388	7.699175	-9.896896
8.207563	-9.509902	7.763278	-9.934421
8.266216	-9.540646	7.827899	-9.971143
8.325280	-9.570607	7.893035	-10.007046
8.384753	-9.599770	7.958681	-10.042110
8.444632	-9.628122	8.024831	-10.076318
8.504914	-9.655644	8.091480	-10.109652
8.565590	-9.682307	8.158616	-10.142089
8.626649	-9.708085	8.224857	-10.172977
8.688083	-9.732949	8.290388	-10.204167
8.749883	-9.756871	8.355083	-10.234484
8.812039	-9.779825	8.418874	-10.264721
8.874542	-9.801782	8.485342	-10.295821
8.937383	-9.822714	8.553774	-10.326642
9.000552	-9.842593	8.622939	-10.356505
9.064041	-9.861393	8.692690	-10.385316
9.127840	-9.879084	8.763023	-10.413042
9.191939	-9.895640	8.833931	-10.439652
9.256330	-9.911033	8.905405	-10.465110
9.321003	-9.925234	8.977434	-10.489383
9.385949	-9.938216	9.050008	-10.512438
9.451159	-9.949951	9.123113	-10.534239
9.516623	-9.960412	9.196733	-10.554753
9.582332	-9.969571	9.270850	-10.573947
9.648277	-9.977400	9.345445	-10.591786
9.714431	-9.983870	9.420499	-10.608238
9.780750	-9.988956	9.495987	-10.623270
9.847187	-9.992627	9.571883	-10.636850
9.913696	-9.994858	9.648164	-10.648947
9.980232	-9.995620	9.724806	-10.659533
10.046748	-9.994885	9.801791	-10.668576
10.113199	-9.992626	9.879098	-10.676045
10.179538	-9.988815	9.956704	-10.681906
10.245718	-9.983423	10.034584	-10.686124
10.311696	-9.976424	10.112713	-10.688662
10.377423	-9.967790	10.191060	-10.689482
10.442854	-9.957492	10.269595	-10.688547
10.507944	-9.945504	10.348280	-10.685817
10.572646	-9.931796	10.427080	-10.681253
10.636914	-9.916342	10.505966	-10.674814
10.700701	-9.899114	10.585212	-10.666419
10.763963	-9.880084	10.664444	-10.655916
10.826652	-9.859224	10.743301	-10.643450
10.888708	-9.836515	10.822017	-10.628945
10.950056	-9.811946	10.900538	-10.612367
11.010620	-9.785504	10.978798	-10.593684
11.070324	-9.757180	11.056728	-10.572870
11.129093	-9.726962	11.134257	-10.549901
11.186852	-9.694839	11.211319	-10.524756
11.243524	-9.660800	11.287847	-10.497412
11.299033	-9.624833	11.363777	-10.467848
11.353306	-9.586927	11.439161	-10.435987
11.406265	-9.547074	11.514332	-10.401550
11.457835	-9.505306	11.588483	-10.364621
11.507940	-9.461695	11.661182	-10.325647
11.556505	-9.416312	11.732832	-10.284384
11.603455	-9.369229	11.803331	-10.240841
11.648713	-9.320520	11.872554	-10.195062
11.692203	-9.270255	11.940382	-10.147110
11.733851	-9.218507	12.006740	-10.097035
11.773581	-9.165349	12.071901	-10.044600
11.811320	-9.110853	12.135677	-9.989686
11.847066	-9.055099	12.197310	-9.932943
11.880876	-8.998176	12.256862	-9.874603
11.912813	-8.940173	12.314630	-9.814387
11.942936	-8.881178	12.370564	-9.752328
11.971307	-8.821280	12.424596	-9.688482
11.997987	-8.760566	12.476651	-9.622923
12.023036	-8.699127	12.526855	-9.555466
12.046516	-8.637050	12.574927	-9.486261
12.068487	-8.574423	12.620321	-9.416283
12.089010	-8.511334	12.663264	-9.345784
12.108147	-8.447841	12.704084	-9.274431
12.125957	-8.383980	12.742831	-9.202319
12.142503	-8.319785	12.779558	-9.129551
12.157844	-8.255293	12.814320	-9.056223
12.172042	-8.190539	12.847179	-8.982424
12.185157	-8.125557	12.878201	-8.908233
12.197251	-8.060383	12.907461	-8.833712
12.208384	-7.995053	12.935076	-8.758776
12.218617	-7.929599	12.961047	-8.683500
12.227998	-7.864042	12.985362	-8.608220
12.236565	-7.798388	13.008151	-8.532971
12.244357	-7.732643	13.029525	-8.457663
12.251414	-7.666813	13.049549	-8.382347
12.257773	-7.600906	13.068290	-8.307068
12.263475	-7.534928	13.085820	-8.231870
12.268557	-7.468886	13.102209	-8.156774
12.273059	-7.402785	13.117533	-8.081770
12.277019	-7.336633	13.131855	-8.006836
12.280475	-7.270436	13.145228	-7.931971
12.283453	-7.204200	13.157695	-7.857191
12.285973	-7.137933	13.169303	-7.782521
12.288051	-7.071640	13.180098	-7.707982
12.289707	-7.005328	13.190126	-7.633595
12.290959	-6.939004	13.199433	-7.559377
12.291825	-6.872674	13.208068	-7.485344
12.292323	-6.806345	13.216080	-7.411496
12.292471	-6.740023	13.223515	-7.337801
12.292289	-6.673714	13.230412	-7.264216
12.291791	-6.607421	13.236798	-7.190721
12.290992	-6.541142	13.242696	-7.117316
12.289909	-6.474876	13.248131	-7.044007
12.288554	-6.408623	13.253125	-6.970799
12.286944	-6.342380	13.257702	-6.897698
12.285093	-6.276148	13.261885	-6.824707
12.283016	-6.209925	13.265698	-6.751829
12.280727	-6.143710	13.269162	-6.679058
12.278242	-6.077502	13.272298	-6.606390
12.275576	-6.011301	13.275127	-6.533824
12.272743	-5.945104	13.277668	-6.461355
12.269758	-5.878912	13.279936	-6.388974
12.266635	-5.812723	13.281949	-6.316719
12.263391	-5.746536	13.283732	-6.244606
12.260039	-5.680350	13.285306	-6.172613
12.256595	-5.614164	13.286691	-6.100742
12.253073	-5.547977	13.287906	-6.028997
12.249488	-5.481789	13.288971	-5.957379
12.245855	-5.415598	13.289907	-5.885891
12.242186	-5.349405	13.290733	-5.814536
12.238497	-5.283210	13.291468	-5.743314
12.234800	-5.217013	13.292134	-5.672229
12.231109	-5.150813	13.292749	-5.601282
12.227439	-5.084612	13.293334	-5.530475
12.223803	-5.018409	13.293909	-5.459806
12.220215	-4.952203	13.294491	-5.389274
12.216688	-4.885996	13.295101	-5.318878
12.213237	-4.819786	13.295756	-5.248620
12.209875	-4.753575	13.296474	-5.178505
12.206616	-4.687362	13.297275	-5.108552
12.203474	-4.621147	13.298181	-5.038749
12.200463	-4.554929	13.299209	-4.969084
12.197596	-4.488710	13.300376	-4.899570
12.194888	-4.422490	13.301700	-4.830210
12.192351	-4.356267	13.303201	-4.761006
12.190001	-4.290042	13.304896	-4.691962
12.187850	-4.223816	13.306803	-4.623080
12.185913	-4.157588	13.308941	-4.554365
12.184203	-4.091358	13.311328	-4.485821
12.182734	-4.025127	13.313982	-4.417451
12.181520	-3.958893	13.316918	-4.349297
12.180574	-3.892658	13.320164	-4.281397
12.179912	-3.826422	13.323747	-4.213659
12.179545	-3.760183	13.327671	-4.146059
12.179489	-3.693943	13.331953	-4.078661
12.179756	-3.627702	13.336610	-4.011467
12.180361	-3.561459	13.341659	-3.944485
12.181318	-3.495214	13.347116	-3.877719
12.182640	-3.428968	13.352999	-3.811163
12.184342	-3.362720	13.359453	-3.743236
12.186436	-3.296471	13.366024	-3.670318
12.188937	-3.230220	13.370376	-3.598810
12.191858	-3.163968	13.374951	-3.531132
12.195214	-3.097715	13.380131	-3.456617
12.199019	-3.031461	13.384471	-3.376170
12.203302	-2.965219	13.387113	-3.301946
12.208094	-2.899001	13.389900	-3.235678
12.213426	-2.832823	13.393156	-3.169649
12.219330	-2.766698	13.396895	-3.103874
12.225837	-2.700642	13.401119	-3.038764
12.232979	-2.634667	13.405936	-2.974149
12.240788	-2.568789	13.411356	-2.909713
12.249294	-2.503021	13.417389	-2.845713
12.258530	-2.437379	13.424068	-2.782187
12.268527	-2.371875	13.431426	-2.719138
12.279317	-2.306525	13.439419	-2.657168
12.290931	-2.241343	13.448252	-2.595838
12.303401	-2.176342	13.457941	-2.534566
12.316758	-2.111538	13.468444	-2.473875
12.331034	-2.046944	13.479774	-2.413879
12.346260	-1.982575	13.491830	-2.355292
12.362468	-1.918444	13.504927	-2.297374
12.379690	-1.854567	13.519107	-2.239464
12.397938	-1.790952	13.534268	-2.182185
12.417129	-1.727580	13.550402	-2.125594
12.437153	-1.664425	13.568083	-2.067967
12.457895	-1.601458	13.587335	-2.008269
12.479244	-1.538652	13.607755	-1.947410
12.501086	-1.475980	13.629200	-1.885427
12.523310	-1.413415	13.651534	-1.822332
12.545802	-1.350930	13.674613	-1.758132
12.568451	-1.288496	13.698305	-1.692805
12.591143	-1.226087	13.722469	-1.626317
12.613766	-1.163675	13.747035	-1.558434
12.636208	-1.101232	13.772077	-1.488325
12.658356	-1.038733	13.796102	-1.419124
12.682214	-0.973563	13.819465	-1.351811
