Rin m		Zin m		Rout m		Zout m
10.217953	-4.829768	10.919835	-5.270375
10.241678	-4.793845	10.925688	-5.269176
10.265423	-4.757941	10.961117	-5.225981
10.289188	-4.722057	10.990264	-5.190641
10.312971	-4.686189	11.019557	-5.155210
10.336768	-4.650338	11.048907	-5.119793
10.360579	-4.614500	11.078314	-5.084386
10.384402	-4.578675	11.107776	-5.048986
10.408233	-4.542862	11.137287	-5.013595
10.432072	-4.507058	11.166847	-4.978208
10.455917	-4.471262	11.196458	-4.942818
10.479764	-4.435473	11.226116	-4.907422
10.503614	-4.399689	11.255817	-4.872022
10.527462	-4.363908	11.285557	-4.836615
10.551308	-4.328129	11.315335	-4.801198
10.575150	-4.292351	11.345148	-4.765769
10.598985	-4.256572	11.374993	-4.730325
10.622811	-4.220791	11.404869	-4.694865
10.646627	-4.185005	11.434772	-4.659386
10.670430	-4.149214	11.464701	-4.623884
10.694219	-4.113416	11.494654	-4.588358
10.717992	-4.077609	11.524630	-4.552802
10.741746	-4.041792	11.554626	-4.517213
10.765480	-4.005964	11.584634	-4.481595
10.789191	-3.970122	11.614656	-4.445943
10.812878	-3.934266	11.644688	-4.410254
10.836538	-3.898393	11.674728	-4.374526
10.860170	-3.862503	11.704774	-4.338756
10.883772	-3.826594	11.734824	-4.302941
10.907341	-3.790664	11.764875	-4.267080
10.930876	-3.754711	11.794924	-4.231170
10.954374	-3.718735	11.824969	-4.195207
10.977835	-3.682734	11.855008	-4.159191
11.001255	-3.646705	11.885038	-4.123118
11.024633	-3.610649	11.915056	-4.086986
11.047966	-3.574562	11.945064	-4.050788
11.071253	-3.538445	11.975064	-4.014514
11.094492	-3.502294	12.005040	-3.978174
11.117681	-3.466109	12.034985	-3.941778
11.140818	-3.429888	12.064905	-3.905312
11.163900	-3.393630	12.094796	-3.868776
11.186926	-3.357332	12.124655	-3.832169
11.209894	-3.320995	12.154479	-3.795490
11.232802	-3.284615	12.184267	-3.758735
11.255648	-3.248192	12.214016	-3.721903
11.278429	-3.211726	12.243725	-3.684992
11.301145	-3.175215	12.273390	-3.647999
11.323792	-3.138659	12.303011	-3.610923
11.346370	-3.102058	12.332584	-3.573762
11.368875	-3.065410	12.362107	-3.536513
11.391306	-3.028715	12.391577	-3.499176
11.413661	-2.991973	12.420994	-3.461746
11.435938	-2.955182	12.450354	-3.424224
11.458136	-2.918342	12.479655	-3.386605
11.480251	-2.881452	12.508911	-3.348868
11.502282	-2.844512	12.538099	-3.311028
11.524227	-2.807521	12.567206	-3.273108
11.546084	-2.770478	12.596243	-3.235086
11.567852	-2.733383	12.625208	-3.196960
11.589527	-2.696234	12.654100	-3.158727
11.611108	-2.659032	12.682916	-3.120385
11.632594	-2.621776	12.711683	-3.081891
11.653982	-2.584464	12.740788	-3.042683
11.675269	-2.547097	12.772150	-2.999789
11.696455	-2.509673	12.807158	-2.949798
11.717538	-2.472192	12.841491	-2.897182
11.738514	-2.434654	12.870312	-2.850920
11.759382	-2.397057	12.895894	-2.809822
11.780141	-2.359401	12.924129	-2.763822
11.800788	-2.321685	12.952032	-2.714058
11.821321	-2.283908	12.976244	-2.668011
11.841738	-2.246071	12.998645	-2.625016
11.862038	-2.208171	13.020893	-2.581956
11.882218	-2.170209	13.043005	-2.538793
11.902276	-2.132184	13.064978	-2.495527
11.922211	-2.094096	13.086810	-2.452157
11.942019	-2.055942	13.108499	-2.408681
11.961701	-2.017724	13.130041	-2.365101
11.981252	-1.979439	13.151434	-2.321415
12.000672	-1.941089	13.172676	-2.277622
12.019958	-1.902671	13.193763	-2.233723
12.039109	-1.864185	13.214694	-2.189717
12.058122	-1.825631	13.235465	-2.145604
12.076995	-1.787007	13.256073	-2.101383
12.095727	-1.748314	13.276517	-2.057054
12.114315	-1.709550	13.296792	-2.012617
12.132758	-1.670714	13.316898	-1.968071
12.151054	-1.631807	13.336831	-1.923415
12.169199	-1.592828	13.356588	-1.878650
12.187193	-1.553775	13.376168	-1.833775
12.205034	-1.514648	13.395566	-1.788789
12.222719	-1.475448	13.414780	-1.743693
12.240246	-1.436173	13.433808	-1.698486
12.257612	-1.396826	13.452647	-1.653167
12.274815	-1.357405	13.471294	-1.607738
12.291852	-1.317911	13.489746	-1.562196
12.308721	-1.278345	13.508000	-1.516543
12.325420	-1.238707	13.526053	-1.470778
12.341945	-1.198996	13.543903	-1.424901
12.358296	-1.159214	13.561546	-1.378912
12.374468	-1.119361	13.578980	-1.332812
12.390460	-1.079436	13.596201	-1.286599
12.406269	-1.039440	13.613207	-1.240275
12.421893	-0.999374	13.629995	-1.193839
12.437329	-0.959237	13.646561	-1.147291
12.452575	-0.919030	13.662903	-1.100632
12.467628	-0.878753	13.679017	-1.053862
12.482487	-0.838407	13.694900	-1.006981
12.497147	-0.797992	13.710550	-0.959991
12.511608	-0.757507	13.725963	-0.912891
12.525866	-0.716954	13.741135	-0.865684
12.539920	-0.676332	13.756065	-0.818370
12.553765	-0.635643	13.770748	-0.770950
12.567401	-0.594885	13.785183	-0.723419
12.580825	-0.554060	13.799365	-0.675786
12.594034	-0.513167	13.813290	-0.628054
12.607027	-0.472207	13.826958	-0.580220
12.619800	-0.431181	13.840365	-0.532284
12.632352	-0.390088	13.853508	-0.484247
12.644680	-0.348929	13.866385	-0.436110
12.656782	-0.307703	13.878992	-0.387874
12.668657	-0.266412	13.891327	-0.339539
12.680300	-0.225056	13.903387	-0.291109
12.691712	-0.183635	13.915169	-0.242582
12.702888	-0.142148	13.926670	-0.193961
12.713827	-0.100597	13.937887	-0.145247
12.724527	-0.058982	13.948818	-0.096439
12.734985	-0.017303	13.959460	-0.047534
12.745199	0.024440	13.969809	0.001458
12.755167	0.066247	13.979861	0.050532
12.764887	0.108116	13.989615	0.099693
12.774356	0.150049	13.999070	0.148945
12.783572	0.192044	14.008224	0.198303
12.792533	0.234102	14.017075	0.247786
12.801236	0.276222	14.025616	0.297398
12.809680	0.318404	14.033841	0.347139
12.817862	0.360647	14.041742	0.397008
12.825779	0.402951	14.049310	0.447005
12.833427	0.445315	14.056540	0.497129
12.840799	0.487734	14.063422	0.547378
12.847887	0.530206	14.069949	0.597752
12.854685	0.572727	14.076113	0.648248
12.861187	0.615296	14.081907	0.698868
12.867386	0.657907	14.087324	0.749624
12.873275	0.700560	14.092357	0.800564
12.878847	0.743249	14.096995	0.851742
12.884096	0.785972	14.101216	0.903182
12.889015	0.828727	14.104997	0.954883
12.893596	0.871510	14.108314	1.006839
12.897834	0.914317	14.111143	1.059041
12.901711	0.957147	14.113460	1.111482
12.905208	0.999995	14.115243	1.164153
12.908304	1.042858	14.116469	1.217042
12.910978	1.085734	14.117116	1.270139
12.913211	1.128620	14.117161	1.323436
12.914982	1.171512	14.116581	1.377053
12.916270	1.214407	14.115327	1.431089
12.917055	1.257302	14.113367	1.485055
12.917316	1.300194	14.110761	1.538693
12.917034	1.343080	14.107512	1.592218
12.916187	1.385957	14.103627	1.645631
12.914758	1.428821	14.099115	1.698925
12.912745	1.471668	14.093984	1.752092
12.910156	1.514493	14.088242	1.805126
12.906998	1.557290	14.081899	1.858021
12.903280	1.600054	14.074963	1.910770
12.899008	1.642779	14.067442	1.963371
12.894192	1.685460	14.059329	2.015916
12.888838	1.728091	14.050606	2.068447
12.882955	1.770668	14.041313	2.120696
12.876549	1.813185	14.031503	2.172604
12.869630	1.855635	14.021156	2.224333
12.862205	1.898015	14.010278	2.275884
12.854281	1.940319	13.998879	2.327253
12.845866	1.982541	13.986966	2.378437
12.836969	2.024676	13.974548	2.429433
12.827596	2.066718	13.961632	2.480239
12.817756	2.108662	13.948225	2.530851
12.807456	2.150503	13.934337	2.581269
12.796705	2.192235	13.919974	2.631488
12.785509	2.233853	13.905142	2.681510
12.773877	2.275352	13.889848	2.731339
12.761817	2.316726	13.874090	2.780991
12.749336	2.357969	13.857866	2.830485
12.736441	2.399077	13.841135	2.879936
12.723137	2.440046	13.823907	2.929247
12.709425	2.480871	13.806250	2.978275
12.695306	2.521548	13.788144	3.027096
12.680783	2.562076	13.769579	3.075742
12.665857	2.602448	13.750556	3.124209
12.650531	2.642663	13.731077	3.172493
12.634805	2.682716	13.711144	3.220590
12.618682	2.722604	13.690758	3.268497
12.602164	2.762322	13.669921	3.316209
12.585252	2.801868	13.648634	3.363722
12.567948	2.841237	13.626900	3.411033
12.550254	2.880426	13.604720	3.458138
12.532171	2.919432	13.582096	3.505033
12.513703	2.958250	13.559030	3.551713
12.494849	2.996876	13.535523	3.598175
12.475613	3.035308	13.511577	3.644415
12.455995	3.073542	13.487193	3.690429
12.435998	3.111573	13.462373	3.736215
12.415624	3.149398	13.437082	3.781834
12.394874	3.187014	13.411306	3.827280
12.373749	3.224417	13.385123	3.872412
12.352253	3.261603	13.358554	3.917225
12.330386	3.298568	13.331559	3.961786
12.308151	3.335309	13.304139	4.006092
12.285549	3.371822	13.276297	4.050140
12.262582	3.408104	13.248034	4.093926
12.239252	3.444151	13.219351	4.137446
12.215561	3.479958	13.190252	4.180696
12.191510	3.515523	13.160737	4.223671
12.167101	3.550842	13.130808	4.266368
12.142336	3.585911	13.100469	4.308782
12.117216	3.620726	13.069719	4.350910
12.091745	3.655284	13.038563	4.392747
12.065923	3.689581	13.007001	4.434289
12.039752	3.723613	12.975035	4.475532
12.013234	3.757377	12.942669	4.516472
11.986370	3.790869	12.909900	4.557107
11.959163	3.824085	12.876649	4.597535
11.931615	3.857022	12.842959	4.637661
11.903727	3.889677	12.808956	4.677360
11.875500	3.922044	12.774589	4.716702
11.846938	3.954121	12.739835	4.755715
11.818041	3.985904	12.704696	4.794395
11.788811	4.017389	12.669174	4.832737
11.759250	4.048573	12.633271	4.870737
11.729360	4.079452	12.596992	4.908390
11.699143	4.110022	12.560340	4.945689
11.668603	4.140280	12.523324	4.982627
11.637742	4.170222	12.485948	5.019198
11.606565	4.199844	12.448217	5.055399
11.575075	4.229143	12.410134	5.091228
11.543277	4.258114	12.371701	5.126680
11.511175	4.286755	12.332923	5.161754
11.478771	4.315061	12.293802	5.196447
11.446070	4.343029	12.254321	5.230773
11.413075	4.370656	12.214382	5.264810
11.379791	4.397937	12.174107	5.298419
11.346221	4.424868	12.133623	5.331533
11.312370	4.451447	12.092815	5.364248
11.278240	4.477670	12.051685	5.396562
11.243835	4.503532	12.010233	5.428473
11.209160	4.529031	11.968464	5.459979
11.174218	4.554162	11.926382	5.491074
11.139013	4.578921	11.883987	5.521757
11.103549	4.603306	11.841285	5.552024
11.067830	4.627313	11.798278	5.581872
11.031859	4.650937	11.754969	5.611296
10.995640	4.674175	11.711362	5.640295
10.959178	4.697024	11.667459	5.668864
10.922475	4.719480	11.623264	5.697000
10.885535	4.741538	11.578779	5.724700
10.848363	4.763197	11.534003	5.751963
10.810963	4.784450	11.488775	5.778881
10.773337	4.805296	11.443249	5.805321
10.735490	4.825731	11.397614	5.831211
10.697426	4.845750	11.351712	5.856643
10.659148	4.865350	11.305541	5.881615
10.620661	4.884527	11.259104	5.906125
10.581967	4.903278	11.212406	5.930167
10.543072	4.921600	11.165450	5.953739
10.503978	4.939487	11.118239	5.976836
10.464689	4.956937	11.070778	5.999454
10.425210	4.973947	11.023069	6.021590
10.385544	4.990511	10.975090	6.043252
10.345694	5.006627	10.925502	6.065012
10.305666	5.022292	10.868719	6.088560
10.265461	5.037500	10.811563	6.108366
10.225085	5.052249	10.758195	6.126040
10.184541	5.066535	10.695652	6.145492
10.143833	5.080355	10.630824	6.162683
10.102965	5.093704	10.573496	6.176043
10.061939	5.106579	10.520651	6.187412
10.020762	5.118976	10.468900	6.197908
9.979436	5.130894	10.417176	6.207809
9.937970	5.142339	10.365361	6.217141
9.896374	5.153323	10.313454	6.225903
9.854657	5.163857	10.261363	6.234107
9.812829	5.173952	10.209104	6.241727
9.770900	5.183618	10.156965	6.248716
9.728879	5.192866	10.105027	6.255100
9.686777	5.201707	10.053184	6.260911
9.644602	5.210152	10.001434	6.266165
9.602364	5.218212	9.949783	6.270875
9.560073	5.225898	9.898238	6.275055
9.517739	5.233220	9.846806	6.278719
9.475370	5.240190	9.795490	6.281881
9.432966	5.246818	9.744293	6.284553
9.390527	5.253116	9.693221	6.286751
9.348050	5.259093	9.642276	6.288486
9.305535	5.264761	9.591459	6.289773
9.262979	5.270131	9.540765	6.290624
9.220381	5.275214	9.490189	6.291052
9.177740	5.280020	9.439733	6.291066
9.135053	5.284560	9.389402	6.290678
9.092320	5.288846	9.339200	6.289899
9.049539	5.292887	9.289133	6.288741
9.006709	5.296696	9.239204	6.287216
8.963828	5.300275	9.189422	6.285337
8.920902	5.303592	9.139794	6.283116
8.877937	5.306600	9.090327	6.280570
8.834940	5.309254	9.041027	6.277714
8.791917	5.311510	8.991824	6.274562
8.748874	5.313322	8.942511	6.271105
8.705819	5.314651	8.892897	6.267301
8.662758	5.315481	8.842924	6.263101
8.619697	5.315810	8.792601	6.258453
8.576642	5.315630	8.741949	6.253308
8.533601	5.314937	8.691028	6.247620
8.490580	5.313725	8.639972	6.241360
8.447585	5.311991	8.588915	6.234518
8.404622	5.309729	8.537917	6.227094
8.361699	5.306939	8.486998	6.219083
8.318822	5.303617	8.436164	6.210480
8.275997	5.299760	8.385425	6.201281
8.233230	5.295367	8.334797	6.191481
8.190529	5.290434	8.284222	6.181067
8.147900	5.284958	8.233740	6.170021
8.105349	5.278938	8.183476	6.158371
8.062883	5.272371	8.133413	6.146122
8.020509	5.265253	8.083517	6.133264
7.978232	5.257584	8.033795	6.119794
7.936059	5.249365	7.984253	6.105711
7.893997	5.240598	7.934900	6.091012
7.852051	5.231288	7.885747	6.075697
7.810229	5.221437	7.836802	6.059762
7.768536	5.211047	7.788082	6.043211
7.726979	5.200122	7.739612	6.026047
7.685565	5.188666	7.691409	6.008277
7.644299	5.176680	7.643484	5.989908
7.603187	5.164167	7.595846	5.970944
7.562237	5.151132	7.548501	5.951389
7.521455	5.137576	7.501457	5.931248
7.480846	5.123503	7.454719	5.910525
7.440417	5.108916	7.408295	5.889226
7.400175	5.093817	7.362191	5.867354
7.360126	5.078210	7.316413	5.844914
7.320276	5.062098	7.270970	5.821911
7.280632	5.045483	7.225866	5.798349
7.241199	5.028369	7.181109	5.774233
7.201985	5.010758	7.136705	5.749567
7.162995	4.992654	7.092661	5.724356
7.124237	4.974059	7.048983	5.698605
7.085715	4.954977	7.005678	5.672318
7.047437	4.935410	6.962753	5.645500
7.009409	4.915361	6.920199	5.618147
6.971637	4.894834	6.878021	5.590254
6.934127	4.873831	6.836261	5.561848
6.896887	4.852355	6.794928	5.532943
6.859921	4.830410	6.754008	5.503530
6.823238	4.807998	6.713507	5.473615
6.786842	4.785122	6.673431	5.443202
6.750740	4.761785	6.633721	5.412243
6.714939	4.737991	6.598745	5.384009
6.679445	4.713742	6.562489	5.358520
6.644264	4.689040	6.522021	5.329626
6.609402	4.663890	6.481567	5.299953
6.574867	4.638294	6.441477	5.269746
6.540664	4.612255	6.401258	5.238615
6.506799	4.585776	6.370623	5.213879
6.473280	4.558859	6.340272	5.192836
6.440111	4.531509	6.300280	5.164680
6.407300	4.503728	6.259669	5.135316
6.374853	4.475519	6.219406	5.105417
6.342777	4.446884	6.179523	5.075000
6.311076	4.417827	6.140024	5.044069
6.279759	4.388351	6.100919	5.012627
6.248831	4.358460	6.062214	4.980678
6.218296	4.328159	6.023917	4.948225
6.188159	4.297454	5.986035	4.915272
6.158425	4.266354	5.948568	4.881815
6.129097	4.234864	5.911529	4.847858
6.100180	4.202990	5.874939	4.813419
6.071678	4.170741	5.838807	4.778508
6.043595	4.138121	5.803142	4.743135
6.015937	4.105138	5.767946	4.707307
5.988706	4.071798	5.733226	4.671031
5.961908	4.038108	5.698987	4.634316
5.935547	4.004075	5.665232	4.597169
5.909627	3.969705	5.631964	4.559596
5.884153	3.935004	5.599188	4.521603
5.859128	3.899980	5.566906	4.483198
5.834558	3.864640	5.535124	4.444387
5.810446	3.828988	5.503844	4.405176
5.786796	3.793033	5.473071	4.365571
5.763614	3.756781	5.442809	4.325579
5.740903	3.720238	5.413061	4.285207
5.718668	3.683411	5.383832	4.244460
5.696913	3.646307	5.355126	4.203345
5.675643	3.608932	5.326946	4.161867
5.654861	3.571293	5.299297	4.120033
5.634571	3.533397	5.272183	4.077849
5.614775	3.495250	5.245609	4.035321
5.595472	3.456858	5.219578	3.992455
5.576662	3.418229	5.194095	3.949257
5.558346	3.379369	5.169164	3.905732
5.540524	3.340284	5.144791	3.861889
5.523196	3.300982	5.120984	3.817741
5.506363	3.261468	5.097749	3.773303
5.490024	3.221750	5.075088	3.728587
5.474179	3.181834	5.053002	3.683601
5.458829	3.141726	5.031493	3.638354
5.443975	3.101434	5.010560	3.592854
5.429615	3.060963	4.990205	3.547109
5.415751	3.020321	4.970427	3.501127
5.402383	2.979515	4.951227	3.454917
5.389511	2.938549	4.932606	3.408486
5.377134	2.897433	4.914563	3.361841
5.365254	2.856171	4.897099	3.314991
5.353870	2.814770	4.880213	3.267943
5.342983	2.773238	4.863906	3.220705
5.332592	2.731581	4.848178	3.173283
5.322698	2.689805	4.833029	3.125685
5.313302	2.647917	4.818458	3.077918
5.304400	2.605923	4.804466	3.029990
5.295983	2.563829	4.791053	2.981906
5.288036	2.521639	4.778218	2.933675
5.280547	2.479358	4.765962	2.885303
5.273504	2.436992	4.754285	2.836797
5.266894	2.394544	4.743188	2.788169
5.260704	2.352021	4.732674	2.739452
5.254921	2.309426	4.722740	2.690685
5.249532	2.266765	4.713375	2.641892
5.244525	2.224044	4.704564	2.593085
5.239887	2.181265	4.696292	2.544273
5.235606	2.138435	4.688544	2.495465
5.231667	2.095559	4.681303	2.446670
5.228059	2.052641	4.674554	2.397896
5.224769	2.009687	4.668281	2.349149
5.221784	1.966701	4.662467	2.300437
5.219092	1.923688	4.657097	2.251765
5.216679	1.880653	4.652154	2.203140
5.214533	1.837600	4.647621	2.154566
5.212640	1.794536	4.643483	2.106048
5.210989	1.751465	4.639723	2.057591
5.209567	1.708391	4.636324	2.009183
5.208360	1.665320	4.633275	1.960828
5.207356	1.622257	4.630562	1.912562
5.206548	1.579205	4.628164	1.864386
5.205943	1.536165	4.626062	1.816287
5.205553	1.493138	4.624242	1.768269
5.205388	1.450124	4.622687	1.720332
5.205461	1.407123	4.621382	1.672474
5.205782	1.364135	4.620312	1.624664
5.206363	1.321160	4.619470	1.576831
5.207214	1.278199	4.618867	1.528924
5.208348	1.235253	4.618515	1.480934
5.209775	1.192320	4.618430	1.432862
5.211506	1.149402	4.618625	1.384708
5.213553	1.106498	4.619115	1.336476
5.215921	1.063610	4.619914	1.288167
5.218595	1.020737	4.621036	1.239786
5.221559	0.977879	4.622495	1.191333
5.224795	0.935036	4.624306	1.142815
5.228286	0.892210	4.626481	1.094248
5.232014	0.849400	4.629026	1.045700
5.235962	0.806606	4.631928	0.997250
5.240114	0.763829	4.635166	0.948935
5.244451	0.721068	4.638717	0.900763
5.248956	0.678325	4.642560	0.852736
5.253612	0.635599	4.646674	0.804854
5.258405	0.592890	4.651038	0.757099
5.263329	0.550198	4.655636	0.709484
5.268380	0.507522	4.660440	0.662038
5.273553	0.464863	4.665425	0.614746
5.278846	0.422218	4.670574	0.567583
5.284252	0.379588	4.675874	0.520506
5.289768	0.336972	4.681322	0.473486
5.295391	0.294370	4.686913	0.426515
5.301115	0.251780	4.692641	0.379592
5.306936	0.209203	4.698502	0.332717
5.312851	0.166638	4.704489	0.285890
5.318855	0.124084	4.710599	0.239111
5.324944	0.081541	4.716825	0.192380
5.331114	0.039008	4.723161	0.145695
5.337360	-0.003516	4.729604	0.099058
5.343679	-0.046031	4.736148	0.052466
5.350065	-0.088537	4.742786	0.005920
5.356516	-0.131036	4.749518	-0.040595
5.363026	-0.173527	4.756338	-0.087062
5.369592	-0.216011	4.763235	-0.133469
5.376209	-0.258490	4.770206	-0.179832
5.382874	-0.300962	4.777245	-0.226152
5.389581	-0.343430	4.784347	-0.272429
5.396328	-0.385893	4.791508	-0.318664
5.403108	-0.428353	4.798721	-0.364858
5.409920	-0.470809	4.805982	-0.411012
5.416757	-0.513262	4.813285	-0.457126
5.423617	-0.555713	4.820625	-0.503202
5.430494	-0.598162	4.827997	-0.549238
5.437385	-0.640610	4.835396	-0.595238
5.444285	-0.683058	4.842817	-0.641202
5.451190	-0.725506	4.850254	-0.687130
5.458097	-0.767955	4.857703	-0.733021
5.465000	-0.810404	4.865156	-0.778874
5.471896	-0.852856	4.872610	-0.824694
5.478780	-0.895309	4.880058	-0.870481
5.485649	-0.937766	4.887497	-0.916236
5.492498	-0.980226	4.894920	-0.961960
5.499322	-1.022690	4.902322	-1.007653
5.506119	-1.065159	4.909699	-1.053317
5.512882	-1.107633	4.917045	-1.098952
5.519609	-1.150112	4.924355	-1.144559
5.526295	-1.192598	4.931624	-1.190137
5.532936	-1.235091	4.938844	-1.235678
5.539528	-1.277591	4.946009	-1.281193
5.546066	-1.320099	4.953118	-1.326691
5.552546	-1.362615	4.960165	-1.372165
5.558966	-1.405140	4.967144	-1.417617
5.565327	-1.447674	4.974053	-1.463058
5.571629	-1.490217	4.980892	-1.508507
5.577875	-1.532767	4.987665	-1.553975
5.584066	-1.575326	4.994373	-1.599464
5.590203	-1.617892	5.001018	-1.644975
5.596288	-1.660465	5.007602	-1.690505
5.602322	-1.703046	5.014125	-1.736043
5.608307	-1.745633	5.020586	-1.781603
5.614244	-1.788227	5.026994	-1.827197
5.620134	-1.830827	5.033348	-1.872810
5.625979	-1.873433	5.039650	-1.918442
5.631781	-1.916044	5.045903	-1.964092
5.637540	-1.958661	5.052106	-2.009761
5.643259	-2.001283	5.058264	-2.055448
5.648939	-2.043911	5.064376	-2.101152
5.654580	-2.086542	5.070445	-2.146874
5.660186	-2.129178	5.076474	-2.192614
5.665756	-2.171818	5.082461	-2.238364
5.671293	-2.214462	5.088410	-2.284128
5.676798	-2.257110	5.094322	-2.329917
5.682272	-2.299760	5.100201	-2.375724
5.687717	-2.342414	5.106048	-2.421547
5.693134	-2.385071	5.111865	-2.467385
5.698525	-2.427729	5.117653	-2.513238
5.703891	-2.470390	5.123414	-2.559107
5.709234	-2.513053	5.129151	-2.604990
5.714555	-2.555718	5.134864	-2.650888
5.719855	-2.598384	5.140556	-2.696800
5.725136	-2.641051	5.146229	-2.742726
5.730399	-2.683719	5.151883	-2.788663
5.735647	-2.726387	5.157520	-2.834614
5.740879	-2.769056	5.163144	-2.880582
5.746098	-2.811725	5.168756	-2.926564
5.751305	-2.854393	5.174358	-2.972558
5.756502	-2.897061	5.179950	-3.018565
5.761690	-2.939728	5.185537	-3.064585
5.766871	-2.982394	5.191118	-3.110616
5.772045	-3.025059	5.196696	-3.156660
5.777214	-3.067722	5.202272	-3.202715
5.782381	-3.110383	5.207850	-3.248782
5.787545	-3.153042	5.213429	-3.294860
5.792709	-3.195699	5.219012	-3.340949
5.797874	-3.238353	5.224600	-3.387034
5.803042	-3.281004	5.230183	-3.433070
5.808214	-3.323651	5.235745	-3.479021
5.813387	-3.366296	5.241269	-3.524878
5.818550	-3.408940	5.246740	-3.570642
5.823691	-3.451584	5.252143	-3.616315
5.828797	-3.494231	5.257463	-3.661898
5.833857	-3.536881	5.262684	-3.707392
5.838858	-3.579538	5.267791	-3.752798
5.843788	-3.622202	5.272770	-3.798117
5.848635	-3.664876	5.277602	-3.843320
5.853386	-3.707561	5.282264	-3.888424
5.858030	-3.750259	5.286753	-3.933492
5.862554	-3.792972	5.291064	-3.978533
5.866945	-3.835702	5.295188	-4.023535
5.871194	-3.878451	5.299117	-4.068501
5.875294	-3.921219	5.302844	-4.113428
5.879237	-3.964010	5.306359	-4.158319
5.883018	-4.006824	5.309656	-4.203172
5.886630	-4.049665	5.312724	-4.247941
5.890066	-4.092532	5.315542	-4.292640
5.893320	-4.135429	5.318113	-4.337364
5.896386	-4.178357	5.320450	-4.382257
5.899256	-4.221318	5.322606	-4.427591
5.901924	-4.264313	5.324680	-4.473562
5.904384	-4.307345	5.326776	-4.520190
5.906629	-4.350415	5.328996	-4.567453
5.908683	-4.393520	5.331445	-4.615324
5.910624	-4.436648	5.334227	-4.663778
5.912536	-4.479784	5.337449	-4.712789
5.914505	-4.522916	5.341214	-4.762326
5.916614	-4.566030	5.345627	-4.812358
5.918949	-4.609113	5.350789	-4.862843
5.921593	-4.652151	5.356796	-4.913692
5.924633	-4.695130	5.363708	-4.964722
5.928152	-4.738037	5.371538	-5.015736
5.932235	-4.780859	5.380280	-5.066625
5.936966	-4.823582	5.389927	-5.117347
5.942431	-4.866193	5.400475	-5.167885
5.948684	-4.908677	5.411920	-5.218223
5.955726	-4.951022	5.424258	-5.268347
5.963553	-4.993215	5.437485	-5.318243
5.972161	-5.035241	5.451596	-5.367895
5.981545	-5.077086	5.466588	-5.417291
5.991701	-5.118739	5.482457	-5.466412
6.002624	-5.160184	5.499193	-5.515235
6.014311	-5.201410	5.516781	-5.563724
6.026756	-5.242401	5.535199	-5.611847
6.039956	-5.283145	5.554427	-5.659588
6.053906	-5.323628	5.574454	-5.706951
6.068598	-5.363840	5.595286	-5.753966
6.084020	-5.403776	5.616885	-5.800538
6.100157	-5.443433	5.639188	-5.846626
6.116998	-5.482805	5.662207	-5.892287
6.134528	-5.521890	5.685925	-5.937517
6.152734	-5.560683	5.710323	-5.982311
6.171602	-5.599180	5.735385	-6.026664
6.191120	-5.637377	5.761094	-6.070572
6.211274	-5.675270	5.787434	-6.114033
6.232050	-5.712854	5.814387	-6.157043
6.253435	-5.750126	5.841938	-6.199601
6.275415	-5.787082	5.870072	-6.241705
6.297978	-5.823717	5.898774	-6.283353
6.321110	-5.860027	5.928029	-6.324545
6.344797	-5.896009	5.957823	-6.365281
6.369026	-5.931658	5.988142	-6.405560
6.393784	-5.966970	6.018973	-6.445382
6.419057	-6.001941	6.050304	-6.484747
6.444833	-6.036567	6.082122	-6.523657
6.471096	-6.070844	6.114425	-6.562123
6.497835	-6.104768	6.147239	-6.600180
6.525036	-6.138334	6.180606	-6.637861
6.552685	-6.171540	6.214562	-6.675173
6.580769	-6.204379	6.249126	-6.712102
6.609281	-6.236842	6.284312	-6.748622
6.638226	-6.268902	6.320134	-6.784708
6.667609	-6.300534	6.356603	-6.820335
6.697436	-6.331713	6.393732	-6.855473
6.727710	-6.362414	6.431529	-6.890094
6.758439	-6.392609	6.470006	-6.924167
6.789626	-6.422274	6.509169	-6.957661
6.821277	-6.451383	6.549026	-6.990544
6.853398	-6.479910	6.589581	-7.022782
6.885993	-6.507830	6.630838	-7.054340
6.919068	-6.535117	6.672799	-7.085183
6.952628	-6.561745	6.715462	-7.115275
6.986678	-6.587688	6.758848	-7.144595
7.021223	-6.612921	6.803102	-7.173192
7.056270	-6.637419	6.848085	-7.200862
7.091822	-6.661155	6.893597	-7.227529
7.127885	-6.684104	6.939771	-7.253248
7.164465	-6.706239	6.986594	-7.277986
7.201566	-6.727537	7.034049	-7.301707
7.239195	-6.747970	7.082121	-7.324381
7.277355	-6.767513	7.130811	-7.345981
7.316053	-6.786141	7.180127	-7.366479
7.355292	-6.803828	7.230076	-7.385840
7.395061	-6.820531	7.280656	-7.404020
7.435319	-6.836190	7.331872	-7.420976
7.476023	-6.850738	7.384118	-7.436773
7.517131	-6.864112	7.437165	-7.451111
7.558602	-6.876247	7.490462	-7.463892
7.600393	-6.887078	7.544210	-7.475163
7.642462	-6.896540	7.598470	-7.484886
7.684767	-6.904570	7.653201	-7.493003
7.727265	-6.911102	7.708359	-7.499454
7.769915	-6.916072	7.764020	-7.504194
7.812675	-6.919415	7.820830	-7.507146
7.855501	-6.921068	7.877634	-7.507915
7.898353	-6.921017	7.933421	-7.506858
7.941187	-6.919315	7.988924	-7.504050
7.983963	-6.916025	8.044126	-7.499541
8.026637	-6.911206	8.098973	-7.493383
8.069167	-6.904919	8.153423	-7.485631
8.111512	-6.897223	8.207695	-7.476291
8.153628	-6.888180	8.261638	-7.465329
8.195475	-6.877848	8.314713	-7.452940
8.237010	-6.866290	8.366987	-7.439276
8.278190	-6.853564	8.418703	-7.424331
8.318973	-6.839732	8.469856	-7.408153
8.359319	-6.824853	8.520437	-7.390786
8.399203	-6.808975	8.570445	-7.372272
8.438628	-6.792132	8.619880	-7.352646
8.477600	-6.774353	8.668694	-7.331960
8.516123	-6.755669	8.714878	-7.311170
8.554202	-6.736111	8.756752	-7.292684
8.591843	-6.715710	8.799186	-7.274958
8.629050	-6.694496	8.845755	-7.254988
8.665829	-6.672500	8.893622	-7.233242
8.702184	-6.649754	8.940967	-7.210548
8.738120	-6.626286	8.987638	-7.187023
8.773643	-6.602129	9.033651	-7.162744
8.808757	-6.577314	9.079094	-7.137703
8.843467	-6.551870	9.123966	-7.111942
8.877778	-6.525828	9.168271	-7.085499
8.911696	-6.499220	9.212012	-7.058412
8.945225	-6.472075	9.255195	-7.030719
8.978370	-6.444426	9.297827	-7.002454
9.011136	-6.416302	9.339916	-6.973654
9.043529	-6.387734	9.381473	-6.944350
9.075553	-6.358753	9.422507	-6.914577
9.107212	-6.329390	9.463030	-6.884364
9.138514	-6.299675	9.503054	-6.853741
9.169461	-6.269638	9.542594	-6.822737
9.200059	-6.239301	9.581672	-6.791370
9.230311	-6.208667	9.620328	-6.759640
9.260223	-6.177743	9.658603	-6.727534
9.289797	-6.146533	9.696518	-6.695044
9.319038	-6.115041	9.734075	-6.662178
9.347950	-6.083274	9.771275	-6.628946
9.376536	-6.051235	9.808117	-6.595356
9.404802	-6.018930	9.844601	-6.561421
9.432750	-5.986363	9.880729	-6.527148
9.460385	-5.953540	9.916502	-6.492548
9.487711	-5.920465	9.951920	-6.457631
9.514732	-5.887144	9.986985	-6.422406
9.541452	-5.853580	10.021700	-6.386884
9.567875	-5.819780	10.056066	-6.351073
9.594004	-5.785747	10.090086	-6.314983
9.619845	-5.751488	10.123763	-6.278622
9.645401	-5.717006	10.157099	-6.242001
9.670675	-5.682307	10.190098	-6.205129
9.695673	-5.647395	10.222763	-6.168013
9.720398	-5.612276	10.255098	-6.130663
9.744853	-5.576954	10.287107	-6.093087
9.769044	-5.541434	10.318793	-6.055294
9.792974	-5.505722	10.350157	-6.017297
9.816657	-5.469828	10.381188	-5.979126
9.840116	-5.433771	10.411850	-5.940855
9.863374	-5.397569	10.442120	-5.902564
9.886457	-5.361240	10.472002	-5.864310
9.909388	-5.324803	10.501521	-5.826129
9.932191	-5.288277	10.530704	-5.788050
9.954890	-5.251680	10.559577	-5.750105
9.977510	-5.215029	10.588167	-5.712322
10.000074	-5.178345	10.616504	-5.674730
10.022606	-5.141645	10.644606	-5.637370
10.045131	-5.104948	10.672492	-5.600284
10.067673	-5.068272	10.700198	-5.563497
10.090255	-5.031636	10.727754	-5.527031
10.112901	-4.995058	10.755185	-5.490920
10.135636	-4.958556	10.782512	-5.455198
10.158484	-4.922150	10.809709	-5.419968
10.181469	-4.885858	10.837662	-5.384128
10.217953	-4.829768	10.919835	-5.270375
